Dataset,Run,Method,Weight,Metric,Test_Metric,Spearman
678_visualizing_environmental,1,MVP,w0.8_0.7_0.7,MSE_Train,MSE_Test_Interpolation,0.19188892948483743
678_visualizing_environmental,1,MVP,w0.8_0.7_0.7,AIC_Train,MSE_Test_Interpolation,0.4239313116550969
678_visualizing_environmental,1,MVP,w0.8_0.7_0.7,BIC_Train,MSE_Test_Interpolation,0.736390208257216
678_visualizing_environmental,1,MVP,w0.8_0.7_0.7,MDL_Train,MSE_Test_Interpolation,0.636792108147607
678_visualizing_environmental,1,MVP,w0.8_0.7_0.7,PSM_Train,MSE_Test_Interpolation,0.49503105590062113
678_visualizing_environmental,1,MVP,w0.8_0.7_0.7,MSE_Train,MSE_Test_Extrapolation,-0.27453416149068327
678_visualizing_environmental,1,MVP,w0.8_0.7_0.7,AIC_Train,MSE_Test_Extrapolation,0.049214468396054076
678_visualizing_environmental,1,MVP,w0.8_0.7_0.7,BIC_Train,MSE_Test_Extrapolation,0.40672268907563036
678_visualizing_environmental,1,MVP,w0.8_0.7_0.7,MDL_Train,MSE_Test_Extrapolation,0.2413591523565948
678_visualizing_environmental,1,MVP,w0.8_0.7_0.7,PSM_Train,MSE_Test_Extrapolation,-0.011728169528681038
678_visualizing_environmental,2,MVP,w0.8_0.7_0.7,MSE_Train,MSE_Test_Interpolation,0.03145161290322581
678_visualizing_environmental,2,MVP,w0.8_0.7_0.7,AIC_Train,MSE_Test_Interpolation,0.07983870967741936
678_visualizing_environmental,2,MVP,w0.8_0.7_0.7,BIC_Train,MSE_Test_Interpolation,-0.403225806451613
678_visualizing_environmental,2,MVP,w0.8_0.7_0.7,MDL_Train,MSE_Test_Interpolation,-0.1745967741935484
678_visualizing_environmental,2,MVP,w0.8_0.7_0.7,PSM_Train,MSE_Test_Interpolation,-0.24717741935483872
678_visualizing_environmental,2,MVP,w0.8_0.7_0.7,MSE_Train,MSE_Test_Extrapolation,0.25362903225806455
678_visualizing_environmental,2,MVP,w0.8_0.7_0.7,AIC_Train,MSE_Test_Extrapolation,0.12016129032258066
678_visualizing_environmental,2,MVP,w0.8_0.7_0.7,BIC_Train,MSE_Test_Extrapolation,0.4665322580645162
678_visualizing_environmental,2,MVP,w0.8_0.7_0.7,MDL_Train,MSE_Test_Extrapolation,-0.09435483870967742
678_visualizing_environmental,2,MVP,w0.8_0.7_0.7,PSM_Train,MSE_Test_Extrapolation,0.00403225806451613
678_visualizing_environmental,3,MVP,w0.8_0.7_0.7,MSE_Train,MSE_Test_Interpolation,0.04458525785395274
678_visualizing_environmental,3,MVP,w0.8_0.7_0.7,AIC_Train,MSE_Test_Interpolation,-0.05771653242737717
678_visualizing_environmental,3,MVP,w0.8_0.7_0.7,BIC_Train,MSE_Test_Interpolation,-0.11589113257243194
678_visualizing_environmental,3,MVP,w0.8_0.7_0.7,MDL_Train,MSE_Test_Interpolation,-0.047829904187502374
678_visualizing_environmental,3,MVP,w0.8_0.7_0.7,PSM_Train,MSE_Test_Interpolation,0.141352063213345
678_visualizing_environmental,3,MVP,w0.8_0.7_0.7,MSE_Train,MSE_Test_Extrapolation,0.6345764782226971
678_visualizing_environmental,3,MVP,w0.8_0.7_0.7,AIC_Train,MSE_Test_Extrapolation,0.35981219223575217
678_visualizing_environmental,3,MVP,w0.8_0.7_0.7,BIC_Train,MSE_Test_Extrapolation,-0.44600526777875327
678_visualizing_environmental,3,MVP,w0.8_0.7_0.7,MDL_Train,MSE_Test_Extrapolation,-0.6508378822002518
678_visualizing_environmental,3,MVP,w0.8_0.7_0.7,PSM_Train,MSE_Test_Extrapolation,-0.04763904263847005
678_visualizing_environmental,4,MVP,w0.8_0.7_0.7,MSE_Train,MSE_Test_Interpolation,0.04458525785395274
678_visualizing_environmental,4,MVP,w0.8_0.7_0.7,AIC_Train,MSE_Test_Interpolation,-0.05771653242737717
678_visualizing_environmental,4,MVP,w0.8_0.7_0.7,BIC_Train,MSE_Test_Interpolation,-0.11589113257243194
678_visualizing_environmental,4,MVP,w0.8_0.7_0.7,MDL_Train,MSE_Test_Interpolation,-0.047829904187502374
678_visualizing_environmental,4,MVP,w0.8_0.7_0.7,PSM_Train,MSE_Test_Interpolation,0.141352063213345
678_visualizing_environmental,4,MVP,w0.8_0.7_0.7,MSE_Train,MSE_Test_Extrapolation,0.6345764782226971
678_visualizing_environmental,4,MVP,w0.8_0.7_0.7,AIC_Train,MSE_Test_Extrapolation,0.35981219223575217
678_visualizing_environmental,4,MVP,w0.8_0.7_0.7,BIC_Train,MSE_Test_Extrapolation,-0.44600526777875327
678_visualizing_environmental,4,MVP,w0.8_0.7_0.7,MDL_Train,MSE_Test_Extrapolation,-0.6508378822002518
678_visualizing_environmental,4,MVP,w0.8_0.7_0.7,PSM_Train,MSE_Test_Extrapolation,-0.04763904263847005
678_visualizing_environmental,5,MVP,w0.8_0.7_0.7,MSE_Train,MSE_Test_Interpolation,0.5521215743191326
678_visualizing_environmental,5,MVP,w0.8_0.7_0.7,AIC_Train,MSE_Test_Interpolation,0.7816101767267138
678_visualizing_environmental,5,MVP,w0.8_0.7_0.7,BIC_Train,MSE_Test_Interpolation,0.8657047724750276
678_visualizing_environmental,5,MVP,w0.8_0.7_0.7,MDL_Train,MSE_Test_Interpolation,0.9069410057201399
678_visualizing_environmental,5,MVP,w0.8_0.7_0.7,PSM_Train,MSE_Test_Interpolation,0.7430205754290106
678_visualizing_environmental,5,MVP,w0.8_0.7_0.7,MSE_Train,MSE_Test_Extrapolation,0.26910270639460426
678_visualizing_environmental,5,MVP,w0.8_0.7_0.7,AIC_Train,MSE_Test_Extrapolation,0.16998207120293687
678_visualizing_environmental,5,MVP,w0.8_0.7_0.7,BIC_Train,MSE_Test_Extrapolation,0.12592845556219584
678_visualizing_environmental,5,MVP,w0.8_0.7_0.7,MDL_Train,MSE_Test_Extrapolation,0.12089131733970802
678_visualizing_environmental,5,MVP,w0.8_0.7_0.7,PSM_Train,MSE_Test_Extrapolation,0.19969264919320412
678_visualizing_environmental,6,MVP,w0.8_0.7_0.7,MSE_Train,MSE_Test_Interpolation,0.17287401475661657
678_visualizing_environmental,6,MVP,w0.8_0.7_0.7,AIC_Train,MSE_Test_Interpolation,0.19130719448011888
678_visualizing_environmental,6,MVP,w0.8_0.7_0.7,BIC_Train,MSE_Test_Interpolation,0.3773009997229987
678_visualizing_environmental,6,MVP,w0.8_0.7_0.7,MDL_Train,MSE_Test_Interpolation,0.5998086172597014
678_visualizing_environmental,6,MVP,w0.8_0.7_0.7,PSM_Train,MSE_Test_Interpolation,0.30281282264360004
678_visualizing_environmental,6,MVP,w0.8_0.7_0.7,MSE_Train,MSE_Test_Extrapolation,-0.25919770340711645
678_visualizing_environmental,6,MVP,w0.8_0.7_0.7,AIC_Train,MSE_Test_Extrapolation,-0.2865956535972401
678_visualizing_environmental,6,MVP,w0.8_0.7_0.7,BIC_Train,MSE_Test_Extrapolation,-0.1153584649089673
678_visualizing_environmental,6,MVP,w0.8_0.7_0.7,MDL_Train,MSE_Test_Extrapolation,-0.0557276321422276
678_visualizing_environmental,6,MVP,w0.8_0.7_0.7,PSM_Train,MSE_Test_Extrapolation,-0.20344488932537583
678_visualizing_environmental,7,MVP,w0.8_0.7_0.7,MSE_Train,MSE_Test_Interpolation,-0.708356612658632
678_visualizing_environmental,7,MVP,w0.8_0.7_0.7,AIC_Train,MSE_Test_Interpolation,-0.44688323090430204
678_visualizing_environmental,7,MVP,w0.8_0.7_0.7,BIC_Train,MSE_Test_Interpolation,0.26243115970947406
678_visualizing_environmental,7,MVP,w0.8_0.7_0.7,MDL_Train,MSE_Test_Interpolation,0.778873014606114
678_visualizing_environmental,7,MVP,w0.8_0.7_0.7,PSM_Train,MSE_Test_Interpolation,0.46336499321573954
678_visualizing_environmental,7,MVP,w0.8_0.7_0.7,MSE_Train,MSE_Test_Extrapolation,-0.3067283901348871
678_visualizing_environmental,7,MVP,w0.8_0.7_0.7,AIC_Train,MSE_Test_Extrapolation,0.10958576103440021
678_visualizing_environmental,7,MVP,w0.8_0.7_0.7,BIC_Train,MSE_Test_Extrapolation,0.5447761194029852
678_visualizing_environmental,7,MVP,w0.8_0.7_0.7,MDL_Train,MSE_Test_Extrapolation,0.34156756325325255
678_visualizing_environmental,7,MVP,w0.8_0.7_0.7,PSM_Train,MSE_Test_Extrapolation,0.24483198978370183
678_visualizing_environmental,8,MVP,w0.8_0.7_0.7,MSE_Train,MSE_Test_Interpolation,0.3085469337765725
678_visualizing_environmental,8,MVP,w0.8_0.7_0.7,AIC_Train,MSE_Test_Interpolation,0.4085206893535123
678_visualizing_environmental,8,MVP,w0.8_0.7_0.7,BIC_Train,MSE_Test_Interpolation,0.5230163590237074
678_visualizing_environmental,8,MVP,w0.8_0.7_0.7,MDL_Train,MSE_Test_Interpolation,0.5610532761788121
678_visualizing_environmental,8,MVP,w0.8_0.7_0.7,PSM_Train,MSE_Test_Interpolation,0.49001837109614205
678_visualizing_environmental,8,MVP,w0.8_0.7_0.7,MSE_Train,MSE_Test_Extrapolation,0.23712711048902108
678_visualizing_environmental,8,MVP,w0.8_0.7_0.7,AIC_Train,MSE_Test_Extrapolation,0.3089318519814539
678_visualizing_environmental,8,MVP,w0.8_0.7_0.7,BIC_Train,MSE_Test_Extrapolation,0.459469862654186
678_visualizing_environmental,8,MVP,w0.8_0.7_0.7,MDL_Train,MSE_Test_Extrapolation,0.48564430058612545
678_visualizing_environmental,8,MVP,w0.8_0.7_0.7,PSM_Train,MSE_Test_Extrapolation,0.3920741842358499
678_visualizing_environmental,9,MVP,w0.8_0.7_0.7,MSE_Train,MSE_Test_Interpolation,-0.7209759481961148
678_visualizing_environmental,9,MVP,w0.8_0.7_0.7,AIC_Train,MSE_Test_Interpolation,0.09146623496762257
678_visualizing_environmental,9,MVP,w0.8_0.7_0.7,BIC_Train,MSE_Test_Interpolation,0.6055735430157262
678_visualizing_environmental,9,MVP,w0.8_0.7_0.7,MDL_Train,MSE_Test_Interpolation,0.7459528214616096
678_visualizing_environmental,9,MVP,w0.8_0.7_0.7,PSM_Train,MSE_Test_Interpolation,0.4087650323774283
678_visualizing_environmental,9,MVP,w0.8_0.7_0.7,MSE_Train,MSE_Test_Extrapolation,-0.14014801110083255
678_visualizing_environmental,9,MVP,w0.8_0.7_0.7,AIC_Train,MSE_Test_Extrapolation,0.0021970397779833488
678_visualizing_environmental,9,MVP,w0.8_0.7_0.7,BIC_Train,MSE_Test_Extrapolation,0.13610083256244218
678_visualizing_environmental,9,MVP,w0.8_0.7_0.7,MDL_Train,MSE_Test_Extrapolation,0.2656105457909343
678_visualizing_environmental,9,MVP,w0.8_0.7_0.7,PSM_Train,MSE_Test_Extrapolation,0.1827012025901943
678_visualizing_environmental,10,MVP,w0.8_0.7_0.7,MSE_Train,MSE_Test_Interpolation,-0.32932469935245146
678_visualizing_environmental,10,MVP,w0.8_0.7_0.7,AIC_Train,MSE_Test_Interpolation,-0.11019888991674376
678_visualizing_environmental,10,MVP,w0.8_0.7_0.7,BIC_Train,MSE_Test_Interpolation,0.27590194264569845
678_visualizing_environmental,10,MVP,w0.8_0.7_0.7,MDL_Train,MSE_Test_Interpolation,0.26133209990749307
678_visualizing_environmental,10,MVP,w0.8_0.7_0.7,PSM_Train,MSE_Test_Interpolation,-0.042321924144310824
678_visualizing_environmental,10,MVP,w0.8_0.7_0.7,MSE_Train,MSE_Test_Extrapolation,-0.5639454209065681
678_visualizing_environmental,10,MVP,w0.8_0.7_0.7,AIC_Train,MSE_Test_Extrapolation,0.32377428307123035
678_visualizing_environmental,10,MVP,w0.8_0.7_0.7,BIC_Train,MSE_Test_Extrapolation,0.5345744680851064
678_visualizing_environmental,10,MVP,w0.8_0.7_0.7,MDL_Train,MSE_Test_Extrapolation,0.5116790009250695
678_visualizing_environmental,10,MVP,w0.8_0.7_0.7,PSM_Train,MSE_Test_Extrapolation,0.2141535615171138
678_visualizing_environmental,11,MVP,w0.8_0.7_0.7,MSE_Train,MSE_Test_Interpolation,-0.7889476467477524
678_visualizing_environmental,11,MVP,w0.8_0.7_0.7,AIC_Train,MSE_Test_Interpolation,-0.4592279217345319
678_visualizing_environmental,11,MVP,w0.8_0.7_0.7,BIC_Train,MSE_Test_Interpolation,0.7657852987837122
678_visualizing_environmental,11,MVP,w0.8_0.7_0.7,MDL_Train,MSE_Test_Interpolation,0.8178212585933368
678_visualizing_environmental,11,MVP,w0.8_0.7_0.7,PSM_Train,MSE_Test_Interpolation,0.03627710206240084
678_visualizing_environmental,11,MVP,w0.8_0.7_0.7,MSE_Train,MSE_Test_Extrapolation,-0.6750396615547328
678_visualizing_environmental,11,MVP,w0.8_0.7_0.7,AIC_Train,MSE_Test_Extrapolation,-0.5584875727128502
678_visualizing_environmental,11,MVP,w0.8_0.7_0.7,BIC_Train,MSE_Test_Extrapolation,0.41179270227392906
678_visualizing_environmental,11,MVP,w0.8_0.7_0.7,MDL_Train,MSE_Test_Extrapolation,0.5863564251718667
678_visualizing_environmental,11,MVP,w0.8_0.7_0.7,PSM_Train,MSE_Test_Extrapolation,-0.22279217345319935
678_visualizing_environmental,12,MVP,w0.8_0.7_0.7,MSE_Train,MSE_Test_Interpolation,-0.797990481226864
678_visualizing_environmental,12,MVP,w0.8_0.7_0.7,AIC_Train,MSE_Test_Interpolation,-0.45573770491803267
678_visualizing_environmental,12,MVP,w0.8_0.7_0.7,BIC_Train,MSE_Test_Interpolation,0.8286092014806979
678_visualizing_environmental,12,MVP,w0.8_0.7_0.7,MDL_Train,MSE_Test_Interpolation,0.8044420941300897
678_visualizing_environmental,12,MVP,w0.8_0.7_0.7,PSM_Train,MSE_Test_Interpolation,0.34299312533051285
678_visualizing_environmental,12,MVP,w0.8_0.7_0.7,MSE_Train,MSE_Test_Extrapolation,0.08096245372818613
678_visualizing_environmental,12,MVP,w0.8_0.7_0.7,AIC_Train,MSE_Test_Extrapolation,0.24198836594394496
678_visualizing_environmental,12,MVP,w0.8_0.7_0.7,BIC_Train,MSE_Test_Extrapolation,0.1548387096774193
678_visualizing_environmental,12,MVP,w0.8_0.7_0.7,MDL_Train,MSE_Test_Extrapolation,-0.08202009518773135
678_visualizing_environmental,12,MVP,w0.8_0.7_0.7,PSM_Train,MSE_Test_Extrapolation,0.014172395557905868
678_visualizing_environmental,13,MVP,w0.8_0.7_0.7,MSE_Train,MSE_Test_Interpolation,-0.22974472807991123
678_visualizing_environmental,13,MVP,w0.8_0.7_0.7,AIC_Train,MSE_Test_Interpolation,-0.6895756851361735
678_visualizing_environmental,13,MVP,w0.8_0.7_0.7,BIC_Train,MSE_Test_Interpolation,0.07726457781951677
678_visualizing_environmental,13,MVP,w0.8_0.7_0.7,MDL_Train,MSE_Test_Interpolation,0.2381115000426876
678_visualizing_environmental,13,MVP,w0.8_0.7_0.7,PSM_Train,MSE_Test_Interpolation,0.00572014001536754
678_visualizing_environmental,13,MVP,w0.8_0.7_0.7,MSE_Train,MSE_Test_Extrapolation,0.14863826517544607
678_visualizing_environmental,13,MVP,w0.8_0.7_0.7,AIC_Train,MSE_Test_Extrapolation,-0.41611884231196106
678_visualizing_environmental,13,MVP,w0.8_0.7_0.7,BIC_Train,MSE_Test_Extrapolation,-0.19636301545291554
678_visualizing_environmental,13,MVP,w0.8_0.7_0.7,MDL_Train,MSE_Test_Extrapolation,-0.17980022197558268
678_visualizing_environmental,13,MVP,w0.8_0.7_0.7,PSM_Train,MSE_Test_Extrapolation,0.00546401434303765
678_visualizing_environmental,14,MVP,w0.8_0.7_0.7,MSE_Train,MSE_Test_Interpolation,-0.88370405157324
678_visualizing_environmental,14,MVP,w0.8_0.7_0.7,AIC_Train,MSE_Test_Interpolation,-0.4063867484436012
678_visualizing_environmental,14,MVP,w0.8_0.7_0.7,BIC_Train,MSE_Test_Interpolation,0.73362221717143
678_visualizing_environmental,14,MVP,w0.8_0.7_0.7,MDL_Train,MSE_Test_Interpolation,0.7657694197744378
678_visualizing_environmental,14,MVP,w0.8_0.7_0.7,PSM_Train,MSE_Test_Interpolation,0.08567952375140982
678_visualizing_environmental,14,MVP,w0.8_0.7_0.7,MSE_Train,MSE_Test_Extrapolation,0.7071103807617781
678_visualizing_environmental,14,MVP,w0.8_0.7_0.7,AIC_Train,MSE_Test_Extrapolation,0.720372267759563
678_visualizing_environmental,14,MVP,w0.8_0.7_0.7,BIC_Train,MSE_Test_Extrapolation,-0.32829576502732244
678_visualizing_environmental,14,MVP,w0.8_0.7_0.7,MDL_Train,MSE_Test_Extrapolation,-0.4648224043715848
678_visualizing_environmental,14,MVP,w0.8_0.7_0.7,PSM_Train,MSE_Test_Extrapolation,0.007470651020681278
678_visualizing_environmental,15,MVP,w0.8_0.7_0.7,MSE_Train,MSE_Test_Interpolation,-0.6832461732259418
678_visualizing_environmental,15,MVP,w0.8_0.7_0.7,AIC_Train,MSE_Test_Interpolation,-0.6915684499661159
678_visualizing_environmental,15,MVP,w0.8_0.7_0.7,BIC_Train,MSE_Test_Interpolation,-0.4155898689513118
678_visualizing_environmental,15,MVP,w0.8_0.7_0.7,MDL_Train,MSE_Test_Interpolation,0.6721890330085102
678_visualizing_environmental,15,MVP,w0.8_0.7_0.7,PSM_Train,MSE_Test_Interpolation,0.08000916135435354
678_visualizing_environmental,15,MVP,w0.8_0.7_0.7,MSE_Train,MSE_Test_Extrapolation,-0.6365614383326335
678_visualizing_environmental,15,MVP,w0.8_0.7_0.7,AIC_Train,MSE_Test_Extrapolation,-0.6333540108526929
678_visualizing_environmental,15,MVP,w0.8_0.7_0.7,BIC_Train,MSE_Test_Extrapolation,-0.20380585196390685
678_visualizing_environmental,15,MVP,w0.8_0.7_0.7,MDL_Train,MSE_Test_Extrapolation,0.6209226424508164
678_visualizing_environmental,15,MVP,w0.8_0.7_0.7,PSM_Train,MSE_Test_Extrapolation,0.15459785471618886
678_visualizing_environmental,16,MVP,w0.8_0.7_0.7,MSE_Train,MSE_Test_Interpolation,-0.1748484589772048
678_visualizing_environmental,16,MVP,w0.8_0.7_0.7,AIC_Train,MSE_Test_Interpolation,-0.18552036199095023
678_visualizing_environmental,16,MVP,w0.8_0.7_0.7,BIC_Train,MSE_Test_Interpolation,-0.03167420814479638
678_visualizing_environmental,16,MVP,w0.8_0.7_0.7,MDL_Train,MSE_Test_Interpolation,-0.0899854862119013
678_visualizing_environmental,16,MVP,w0.8_0.7_0.7,PSM_Train,MSE_Test_Interpolation,-0.2539059165030308
678_visualizing_environmental,16,MVP,w0.8_0.7_0.7,MSE_Train,MSE_Test_Extrapolation,0.08426534619653377
678_visualizing_environmental,16,MVP,w0.8_0.7_0.7,AIC_Train,MSE_Test_Extrapolation,0.4157773414155212
678_visualizing_environmental,16,MVP,w0.8_0.7_0.7,BIC_Train,MSE_Test_Extrapolation,0.5286433876888926
678_visualizing_environmental,16,MVP,w0.8_0.7_0.7,MDL_Train,MSE_Test_Extrapolation,0.18859387005890887
678_visualizing_environmental,16,MVP,w0.8_0.7_0.7,PSM_Train,MSE_Test_Extrapolation,0.30752155724408775
678_visualizing_environmental,17,MVP,w0.8_0.7_0.7,MSE_Train,MSE_Test_Interpolation,-0.715230037017451
678_visualizing_environmental,17,MVP,w0.8_0.7_0.7,AIC_Train,MSE_Test_Interpolation,-0.5395029085140137
678_visualizing_environmental,17,MVP,w0.8_0.7_0.7,BIC_Train,MSE_Test_Interpolation,0.7716552088841881
678_visualizing_environmental,17,MVP,w0.8_0.7_0.7,MDL_Train,MSE_Test_Interpolation,0.9054468535166578
678_visualizing_environmental,17,MVP,w0.8_0.7_0.7,PSM_Train,MSE_Test_Interpolation,0.25293495505023794
678_visualizing_environmental,17,MVP,w0.8_0.7_0.7,MSE_Train,MSE_Test_Extrapolation,0.7719196192490745
678_visualizing_environmental,17,MVP,w0.8_0.7_0.7,AIC_Train,MSE_Test_Extrapolation,0.4994182971972501
678_visualizing_environmental,17,MVP,w0.8_0.7_0.7,BIC_Train,MSE_Test_Extrapolation,-0.7640930724484398
678_visualizing_environmental,17,MVP,w0.8_0.7_0.7,MDL_Train,MSE_Test_Extrapolation,-0.8931253305129561
678_visualizing_environmental,17,MVP,w0.8_0.7_0.7,PSM_Train,MSE_Test_Extrapolation,-0.2335272342675832
678_visualizing_environmental,18,MVP,w0.8_0.7_0.7,MSE_Train,MSE_Test_Interpolation,-0.14907566228320945
678_visualizing_environmental,18,MVP,w0.8_0.7_0.7,AIC_Train,MSE_Test_Interpolation,0.14549266247379453
678_visualizing_environmental,18,MVP,w0.8_0.7_0.7,BIC_Train,MSE_Test_Interpolation,0.849132837812083
678_visualizing_environmental,18,MVP,w0.8_0.7_0.7,MDL_Train,MSE_Test_Interpolation,0.9226224509243376
678_visualizing_environmental,18,MVP,w0.8_0.7_0.7,PSM_Train,MSE_Test_Interpolation,0.6573279969506385
678_visualizing_environmental,18,MVP,w0.8_0.7_0.7,MSE_Train,MSE_Test_Extrapolation,-0.041433199923765957
678_visualizing_environmental,18,MVP,w0.8_0.7_0.7,AIC_Train,MSE_Test_Extrapolation,0.17804459691252142
678_visualizing_environmental,18,MVP,w0.8_0.7_0.7,BIC_Train,MSE_Test_Extrapolation,0.563407661520869
678_visualizing_environmental,18,MVP,w0.8_0.7_0.7,MDL_Train,MSE_Test_Extrapolation,0.5265103868877453
678_visualizing_environmental,18,MVP,w0.8_0.7_0.7,PSM_Train,MSE_Test_Extrapolation,0.2666285496474175
678_visualizing_environmental,19,MVP,w0.8_0.7_0.7,MSE_Train,MSE_Test_Interpolation,-0.6029556650246305
678_visualizing_environmental,19,MVP,w0.8_0.7_0.7,AIC_Train,MSE_Test_Interpolation,-0.02758620689655172
678_visualizing_environmental,19,MVP,w0.8_0.7_0.7,BIC_Train,MSE_Test_Interpolation,0.7581280788177337
678_visualizing_environmental,19,MVP,w0.8_0.7_0.7,MDL_Train,MSE_Test_Interpolation,0.6793103448275861
678_visualizing_environmental,19,MVP,w0.8_0.7_0.7,PSM_Train,MSE_Test_Interpolation,0.6019704433497536
678_visualizing_environmental,19,MVP,w0.8_0.7_0.7,MSE_Train,MSE_Test_Extrapolation,-0.022167487684729058
678_visualizing_environmental,19,MVP,w0.8_0.7_0.7,AIC_Train,MSE_Test_Extrapolation,0.6024630541871919
678_visualizing_environmental,19,MVP,w0.8_0.7_0.7,BIC_Train,MSE_Test_Extrapolation,0.6497536945812806
678_visualizing_environmental,19,MVP,w0.8_0.7_0.7,MDL_Train,MSE_Test_Extrapolation,0.15172413793103445
678_visualizing_environmental,19,MVP,w0.8_0.7_0.7,PSM_Train,MSE_Test_Extrapolation,0.34187192118226595
678_visualizing_environmental,20,MVP,w0.8_0.7_0.7,MSE_Train,MSE_Test_Interpolation,-0.017625888215571074
678_visualizing_environmental,20,MVP,w0.8_0.7_0.7,AIC_Train,MSE_Test_Interpolation,-0.10375588298624998
678_visualizing_environmental,20,MVP,w0.8_0.7_0.7,BIC_Train,MSE_Test_Interpolation,0.02162478082992402
678_visualizing_environmental,20,MVP,w0.8_0.7_0.7,MDL_Train,MSE_Test_Interpolation,0.17204466455443107
678_visualizing_environmental,20,MVP,w0.8_0.7_0.7,PSM_Train,MSE_Test_Interpolation,0.11396843950905905
678_visualizing_environmental,20,MVP,w0.8_0.7_0.7,MSE_Train,MSE_Test_Extrapolation,-0.770525085360977
678_visualizing_environmental,20,MVP,w0.8_0.7_0.7,AIC_Train,MSE_Test_Extrapolation,0.30216247808299246
678_visualizing_environmental,20,MVP,w0.8_0.7_0.7,BIC_Train,MSE_Test_Extrapolation,0.7817219846811653
678_visualizing_environmental,20,MVP,w0.8_0.7_0.7,MDL_Train,MSE_Test_Extrapolation,0.6655080131655849
678_visualizing_environmental,20,MVP,w0.8_0.7_0.7,PSM_Train,MSE_Test_Extrapolation,-0.19265434187455785
678_visualizing_environmental,21,MVP,w0.8_0.7_0.7,MSE_Train,MSE_Test_Interpolation,-0.429007051648561
678_visualizing_environmental,21,MVP,w0.8_0.7_0.7,AIC_Train,MSE_Test_Interpolation,0.2686868686868687
678_visualizing_environmental,21,MVP,w0.8_0.7_0.7,BIC_Train,MSE_Test_Interpolation,0.5682104059462549
678_visualizing_environmental,21,MVP,w0.8_0.7_0.7,MDL_Train,MSE_Test_Interpolation,0.5809414903754525
678_visualizing_environmental,21,MVP,w0.8_0.7_0.7,PSM_Train,MSE_Test_Interpolation,0.30840480274442533
678_visualizing_environmental,21,MVP,w0.8_0.7_0.7,MSE_Train,MSE_Test_Extrapolation,0.08069372975033352
678_visualizing_environmental,21,MVP,w0.8_0.7_0.7,AIC_Train,MSE_Test_Extrapolation,0.257556699066133
678_visualizing_environmental,21,MVP,w0.8_0.7_0.7,BIC_Train,MSE_Test_Extrapolation,0.13664951400800457
678_visualizing_environmental,21,MVP,w0.8_0.7_0.7,MDL_Train,MSE_Test_Extrapolation,0.040060987230798546
678_visualizing_environmental,21,MVP,w0.8_0.7_0.7,PSM_Train,MSE_Test_Extrapolation,0.16089193825042877
678_visualizing_environmental,22,MVP,w0.8_0.7_0.7,MSE_Train,MSE_Test_Interpolation,-0.4207924803500527
678_visualizing_environmental,22,MVP,w0.8_0.7_0.7,AIC_Train,MSE_Test_Interpolation,0.19828214893444618
678_visualizing_environmental,22,MVP,w0.8_0.7_0.7,BIC_Train,MSE_Test_Interpolation,0.4444534478567377
678_visualizing_environmental,22,MVP,w0.8_0.7_0.7,MDL_Train,MSE_Test_Interpolation,0.4642249412527349
678_visualizing_environmental,22,MVP,w0.8_0.7_0.7,PSM_Train,MSE_Test_Interpolation,0.25224860222024154
678_visualizing_environmental,22,MVP,w0.8_0.7_0.7,MSE_Train,MSE_Test_Extrapolation,-0.04950976420063204
678_visualizing_environmental,22,MVP,w0.8_0.7_0.7,AIC_Train,MSE_Test_Extrapolation,-0.09926262053318208
678_visualizing_environmental,22,MVP,w0.8_0.7_0.7,BIC_Train,MSE_Test_Extrapolation,-0.007859978932015234
678_visualizing_environmental,22,MVP,w0.8_0.7_0.7,MDL_Train,MSE_Test_Extrapolation,0.08419090835426628
678_visualizing_environmental,22,MVP,w0.8_0.7_0.7,PSM_Train,MSE_Test_Extrapolation,0.3339275585446885
678_visualizing_environmental,23,MVP,w0.8_0.7_0.7,MSE_Train,MSE_Test_Interpolation,-0.452834008097166
678_visualizing_environmental,23,MVP,w0.8_0.7_0.7,AIC_Train,MSE_Test_Interpolation,-0.4497975708502025
678_visualizing_environmental,23,MVP,w0.8_0.7_0.7,BIC_Train,MSE_Test_Interpolation,-0.038056680161943315
678_visualizing_environmental,23,MVP,w0.8_0.7_0.7,MDL_Train,MSE_Test_Interpolation,0.5117408906882591
678_visualizing_environmental,23,MVP,w0.8_0.7_0.7,PSM_Train,MSE_Test_Interpolation,-0.17489878542510123
678_visualizing_environmental,23,MVP,w0.8_0.7_0.7,MSE_Train,MSE_Test_Extrapolation,-0.35809716599190283
678_visualizing_environmental,23,MVP,w0.8_0.7_0.7,AIC_Train,MSE_Test_Extrapolation,-0.2182186234817814
678_visualizing_environmental,23,MVP,w0.8_0.7_0.7,BIC_Train,MSE_Test_Extrapolation,0.6449392712550607
678_visualizing_environmental,23,MVP,w0.8_0.7_0.7,MDL_Train,MSE_Test_Extrapolation,0.408502024291498
678_visualizing_environmental,23,MVP,w0.8_0.7_0.7,PSM_Train,MSE_Test_Extrapolation,0.32611336032388666
678_visualizing_environmental,24,MVP,w0.8_0.7_0.7,MSE_Train,MSE_Test_Interpolation,-0.44467907752153385
678_visualizing_environmental,24,MVP,w0.8_0.7_0.7,AIC_Train,MSE_Test_Interpolation,0.007335370936371215
678_visualizing_environmental,24,MVP,w0.8_0.7_0.7,BIC_Train,MSE_Test_Interpolation,0.583495415393165
678_visualizing_environmental,24,MVP,w0.8_0.7_0.7,MDL_Train,MSE_Test_Interpolation,0.6279522089469299
678_visualizing_environmental,24,MVP,w0.8_0.7_0.7,PSM_Train,MSE_Test_Interpolation,0.3891080855793277
678_visualizing_environmental,24,MVP,w0.8_0.7_0.7,MSE_Train,MSE_Test_Extrapolation,-0.29258127257571553
678_visualizing_environmental,24,MVP,w0.8_0.7_0.7,AIC_Train,MSE_Test_Extrapolation,0.03473186996387886
678_visualizing_environmental,24,MVP,w0.8_0.7_0.7,BIC_Train,MSE_Test_Extrapolation,0.6955821061405948
678_visualizing_environmental,24,MVP,w0.8_0.7_0.7,MDL_Train,MSE_Test_Extrapolation,0.6321756043345376
678_visualizing_environmental,24,MVP,w0.8_0.7_0.7,PSM_Train,MSE_Test_Extrapolation,0.4838566268407891
678_visualizing_environmental,25,MVP,w0.8_0.7_0.7,MSE_Train,MSE_Test_Interpolation,0.2712370869973534
678_visualizing_environmental,25,MVP,w0.8_0.7_0.7,AIC_Train,MSE_Test_Interpolation,0.27542047297874156
678_visualizing_environmental,25,MVP,w0.8_0.7_0.7,BIC_Train,MSE_Test_Interpolation,0.36293007769145397
678_visualizing_environmental,25,MVP,w0.8_0.7_0.7,MDL_Train,MSE_Test_Interpolation,0.458123452574063
678_visualizing_environmental,25,MVP,w0.8_0.7_0.7,PSM_Train,MSE_Test_Interpolation,0.34594040809357124
678_visualizing_environmental,25,MVP,w0.8_0.7_0.7,MSE_Train,MSE_Test_Extrapolation,-0.321096217877572
678_visualizing_environmental,25,MVP,w0.8_0.7_0.7,AIC_Train,MSE_Test_Extrapolation,-0.3332194997011867
678_visualizing_environmental,25,MVP,w0.8_0.7_0.7,BIC_Train,MSE_Test_Extrapolation,-0.3614786988815845
678_visualizing_environmental,25,MVP,w0.8_0.7_0.7,MDL_Train,MSE_Test_Extrapolation,-0.38555451208059416
678_visualizing_environmental,25,MVP,w0.8_0.7_0.7,PSM_Train,MSE_Test_Extrapolation,-0.2239392128404337
678_visualizing_environmental,26,MVP,w0.8_0.7_0.7,MSE_Train,MSE_Test_Interpolation,0.31455753548776805
678_visualizing_environmental,26,MVP,w0.8_0.7_0.7,AIC_Train,MSE_Test_Interpolation,0.6250377529447296
678_visualizing_environmental,26,MVP,w0.8_0.7_0.7,BIC_Train,MSE_Test_Interpolation,0.752793717909997
678_visualizing_environmental,26,MVP,w0.8_0.7_0.7,MDL_Train,MSE_Test_Interpolation,0.8929326487466023
678_visualizing_environmental,26,MVP,w0.8_0.7_0.7,PSM_Train,MSE_Test_Interpolation,0.38160676532769555
678_visualizing_environmental,26,MVP,w0.8_0.7_0.7,MSE_Train,MSE_Test_Extrapolation,0.18136514648142557
678_visualizing_environmental,26,MVP,w0.8_0.7_0.7,AIC_Train,MSE_Test_Extrapolation,0.14104500151011778
678_visualizing_environmental,26,MVP,w0.8_0.7_0.7,BIC_Train,MSE_Test_Extrapolation,0.17834491090305044
678_visualizing_environmental,26,MVP,w0.8_0.7_0.7,MDL_Train,MSE_Test_Extrapolation,0.10540622168529144
678_visualizing_environmental,26,MVP,w0.8_0.7_0.7,PSM_Train,MSE_Test_Extrapolation,0.11310782241014798
678_visualizing_environmental,27,MVP,w0.8_0.7_0.7,MSE_Train,MSE_Test_Interpolation,-0.29561078794288737
678_visualizing_environmental,27,MVP,w0.8_0.7_0.7,AIC_Train,MSE_Test_Interpolation,-0.16511797738661832
678_visualizing_environmental,27,MVP,w0.8_0.7_0.7,BIC_Train,MSE_Test_Interpolation,0.39014378887461915
678_visualizing_environmental,27,MVP,w0.8_0.7_0.7,MDL_Train,MSE_Test_Interpolation,0.29127949434665457
678_visualizing_environmental,27,MVP,w0.8_0.7_0.7,PSM_Train,MSE_Test_Interpolation,-0.08644959834806477
678_visualizing_environmental,27,MVP,w0.8_0.7_0.7,MSE_Train,MSE_Test_Extrapolation,0.45148699352824156
678_visualizing_environmental,27,MVP,w0.8_0.7_0.7,AIC_Train,MSE_Test_Extrapolation,0.4429754979728539
678_visualizing_environmental,27,MVP,w0.8_0.7_0.7,BIC_Train,MSE_Test_Extrapolation,-0.014177431945808467
678_visualizing_environmental,27,MVP,w0.8_0.7_0.7,MDL_Train,MSE_Test_Extrapolation,-0.340535368034046
678_visualizing_environmental,27,MVP,w0.8_0.7_0.7,PSM_Train,MSE_Test_Extrapolation,0.4619626803656418
678_visualizing_environmental,28,MVP,w0.8_0.7_0.7,MSE_Train,MSE_Test_Interpolation,-0.39957716701902746
678_visualizing_environmental,28,MVP,w0.8_0.7_0.7,AIC_Train,MSE_Test_Interpolation,0.018886539816772373
678_visualizing_environmental,28,MVP,w0.8_0.7_0.7,BIC_Train,MSE_Test_Interpolation,0.15362931642001407
678_visualizing_environmental,28,MVP,w0.8_0.7_0.7,MDL_Train,MSE_Test_Interpolation,0.3983086680761098
678_visualizing_environmental,28,MVP,w0.8_0.7_0.7,PSM_Train,MSE_Test_Interpolation,0.03354474982381959
678_visualizing_environmental,28,MVP,w0.8_0.7_0.7,MSE_Train,MSE_Test_Extrapolation,0.4796335447498238
678_visualizing_environmental,28,MVP,w0.8_0.7_0.7,AIC_Train,MSE_Test_Extrapolation,-0.24143763213530656
678_visualizing_environmental,28,MVP,w0.8_0.7_0.7,BIC_Train,MSE_Test_Extrapolation,-0.4458069062720225
678_visualizing_environmental,28,MVP,w0.8_0.7_0.7,MDL_Train,MSE_Test_Extrapolation,-0.5042988019732205
678_visualizing_environmental,28,MVP,w0.8_0.7_0.7,PSM_Train,MSE_Test_Extrapolation,-0.16730091613812542
678_visualizing_environmental,29,MVP,w0.8_0.7_0.7,MSE_Train,MSE_Test_Interpolation,-0.8041496201052017
678_visualizing_environmental,29,MVP,w0.8_0.7_0.7,AIC_Train,MSE_Test_Interpolation,-0.7073641145528932
678_visualizing_environmental,29,MVP,w0.8_0.7_0.7,BIC_Train,MSE_Test_Interpolation,0.6680303915838691
678_visualizing_environmental,29,MVP,w0.8_0.7_0.7,MDL_Train,MSE_Test_Interpolation,0.7850964348334308
678_visualizing_environmental,29,MVP,w0.8_0.7_0.7,PSM_Train,MSE_Test_Interpolation,-0.3313267095265927
678_visualizing_environmental,29,MVP,w0.8_0.7_0.7,MSE_Train,MSE_Test_Extrapolation,-0.027410870835768562
678_visualizing_environmental,29,MVP,w0.8_0.7_0.7,AIC_Train,MSE_Test_Extrapolation,-0.01022793687901812
678_visualizing_environmental,29,MVP,w0.8_0.7_0.7,BIC_Train,MSE_Test_Extrapolation,0.21987142022209238
678_visualizing_environmental,29,MVP,w0.8_0.7_0.7,MDL_Train,MSE_Test_Extrapolation,-0.007714786674459383
678_visualizing_environmental,29,MVP,w0.8_0.7_0.7,PSM_Train,MSE_Test_Extrapolation,-0.278667445938048
678_visualizing_environmental,30,MVP,w0.8_0.7_0.7,MSE_Train,MSE_Test_Interpolation,-0.3039835164835165
678_visualizing_environmental,30,MVP,w0.8_0.7_0.7,AIC_Train,MSE_Test_Interpolation,-0.10086996336996337
678_visualizing_environmental,30,MVP,w0.8_0.7_0.7,BIC_Train,MSE_Test_Interpolation,0.6532509157509157
678_visualizing_environmental,30,MVP,w0.8_0.7_0.7,MDL_Train,MSE_Test_Interpolation,0.592445054945055
678_visualizing_environmental,30,MVP,w0.8_0.7_0.7,PSM_Train,MSE_Test_Interpolation,0.48859890109890103
678_visualizing_environmental,30,MVP,w0.8_0.7_0.7,MSE_Train,MSE_Test_Extrapolation,-0.20856227106227107
678_visualizing_environmental,30,MVP,w0.8_0.7_0.7,AIC_Train,MSE_Test_Extrapolation,-0.09587912087912086
678_visualizing_environmental,30,MVP,w0.8_0.7_0.7,BIC_Train,MSE_Test_Extrapolation,0.4537545787545787
678_visualizing_environmental,30,MVP,w0.8_0.7_0.7,MDL_Train,MSE_Test_Extrapolation,0.38186813186813184
678_visualizing_environmental,30,MVP,w0.8_0.7_0.7,PSM_Train,MSE_Test_Extrapolation,0.33676739926739924
