Dataset,Run,Method,Weight,Metric,Test_Metric,Spearman
678_visualizing_environmental,1,MVP,w0.7_0.8_0.1,MSE_Train,MSE_Test_Interpolation,0.21209353306540007
678_visualizing_environmental,1,MVP,w0.7_0.8_0.1,AIC_Train,MSE_Test_Interpolation,0.4641213006941908
678_visualizing_environmental,1,MVP,w0.7_0.8_0.1,BIC_Train,MSE_Test_Interpolation,0.7516989404457436
678_visualizing_environmental,1,MVP,w0.7_0.8_0.1,MDL_Train,MSE_Test_Interpolation,0.6542930215564489
678_visualizing_environmental,1,MVP,w0.7_0.8_0.1,PSM_Train,MSE_Test_Interpolation,0.5172816952868103
678_visualizing_environmental,1,MVP,w0.7_0.8_0.1,MSE_Train,MSE_Test_Extrapolation,-0.26353671903544035
678_visualizing_environmental,1,MVP,w0.7_0.8_0.1,AIC_Train,MSE_Test_Extrapolation,0.11918158567774936
678_visualizing_environmental,1,MVP,w0.7_0.8_0.1,BIC_Train,MSE_Test_Extrapolation,0.44855681402995984
678_visualizing_environmental,1,MVP,w0.7_0.8_0.1,MDL_Train,MSE_Test_Extrapolation,0.25042016806722694
678_visualizing_environmental,1,MVP,w0.7_0.8_0.1,PSM_Train,MSE_Test_Extrapolation,0.04563390573620753
678_visualizing_environmental,2,MVP,w0.7_0.8_0.1,MSE_Train,MSE_Test_Interpolation,0.13104838709677422
678_visualizing_environmental,2,MVP,w0.7_0.8_0.1,AIC_Train,MSE_Test_Interpolation,0.10645161290322583
678_visualizing_environmental,2,MVP,w0.7_0.8_0.1,BIC_Train,MSE_Test_Interpolation,-0.14838709677419354
678_visualizing_environmental,2,MVP,w0.7_0.8_0.1,MDL_Train,MSE_Test_Interpolation,-0.1653225806451613
678_visualizing_environmental,2,MVP,w0.7_0.8_0.1,PSM_Train,MSE_Test_Interpolation,-0.15000000000000002
678_visualizing_environmental,2,MVP,w0.7_0.8_0.1,MSE_Train,MSE_Test_Extrapolation,0.13104838709677422
678_visualizing_environmental,2,MVP,w0.7_0.8_0.1,AIC_Train,MSE_Test_Extrapolation,0.09395161290322582
678_visualizing_environmental,2,MVP,w0.7_0.8_0.1,BIC_Train,MSE_Test_Extrapolation,0.26008064516129037
678_visualizing_environmental,2,MVP,w0.7_0.8_0.1,MDL_Train,MSE_Test_Extrapolation,-0.1
678_visualizing_environmental,2,MVP,w0.7_0.8_0.1,PSM_Train,MSE_Test_Extrapolation,-0.07096774193548387
678_visualizing_environmental,3,MVP,w0.7_0.8_0.1,MSE_Train,MSE_Test_Interpolation,0.03744703592014352
678_visualizing_environmental,3,MVP,w0.7_0.8_0.1,AIC_Train,MSE_Test_Interpolation,-0.029659884719624382
678_visualizing_environmental,3,MVP,w0.7_0.8_0.1,BIC_Train,MSE_Test_Interpolation,-0.15028438370805813
678_visualizing_environmental,3,MVP,w0.7_0.8_0.1,MDL_Train,MSE_Test_Interpolation,-0.05149444592892315
678_visualizing_environmental,3,MVP,w0.7_0.8_0.1,PSM_Train,MSE_Test_Interpolation,0.17124098179180822
678_visualizing_environmental,3,MVP,w0.7_0.8_0.1,MSE_Train,MSE_Test_Extrapolation,0.6501126083139289
678_visualizing_environmental,3,MVP,w0.7_0.8_0.1,AIC_Train,MSE_Test_Extrapolation,0.4243615681184868
678_visualizing_environmental,3,MVP,w0.7_0.8_0.1,BIC_Train,MSE_Test_Extrapolation,-0.4176050692827422
678_visualizing_environmental,3,MVP,w0.7_0.8_0.1,MDL_Train,MSE_Test_Extrapolation,-0.6508378822002518
678_visualizing_environmental,3,MVP,w0.7_0.8_0.1,PSM_Train,MSE_Test_Extrapolation,0.0054204679925182265
678_visualizing_environmental,4,MVP,w0.7_0.8_0.1,MSE_Train,MSE_Test_Interpolation,0.03744703592014352
678_visualizing_environmental,4,MVP,w0.7_0.8_0.1,AIC_Train,MSE_Test_Interpolation,-0.029659884719624382
678_visualizing_environmental,4,MVP,w0.7_0.8_0.1,BIC_Train,MSE_Test_Interpolation,-0.15028438370805813
678_visualizing_environmental,4,MVP,w0.7_0.8_0.1,MDL_Train,MSE_Test_Interpolation,-0.05149444592892315
678_visualizing_environmental,4,MVP,w0.7_0.8_0.1,PSM_Train,MSE_Test_Interpolation,0.17124098179180822
678_visualizing_environmental,4,MVP,w0.7_0.8_0.1,MSE_Train,MSE_Test_Extrapolation,0.6501126083139289
678_visualizing_environmental,4,MVP,w0.7_0.8_0.1,AIC_Train,MSE_Test_Extrapolation,0.4243615681184868
678_visualizing_environmental,4,MVP,w0.7_0.8_0.1,BIC_Train,MSE_Test_Extrapolation,-0.4176050692827422
678_visualizing_environmental,4,MVP,w0.7_0.8_0.1,MDL_Train,MSE_Test_Extrapolation,-0.6508378822002518
678_visualizing_environmental,4,MVP,w0.7_0.8_0.1,PSM_Train,MSE_Test_Extrapolation,0.0054204679925182265
678_visualizing_environmental,5,MVP,w0.7_0.8_0.1,MSE_Train,MSE_Test_Interpolation,-0.13506360454196192
678_visualizing_environmental,5,MVP,w0.7_0.8_0.1,AIC_Train,MSE_Test_Interpolation,0.5571587125416203
678_visualizing_environmental,5,MVP,w0.7_0.8_0.1,BIC_Train,MSE_Test_Interpolation,0.7589857423375735
678_visualizing_environmental,5,MVP,w0.7_0.8_0.1,MDL_Train,MSE_Test_Interpolation,0.8414582088277981
678_visualizing_environmental,5,MVP,w0.7_0.8_0.1,PSM_Train,MSE_Test_Interpolation,0.5432425510116964
678_visualizing_environmental,5,MVP,w0.7_0.8_0.1,MSE_Train,MSE_Test_Extrapolation,0.05216426193118757
678_visualizing_environmental,5,MVP,w0.7_0.8_0.1,AIC_Train,MSE_Test_Extrapolation,0.11107316656706223
678_visualizing_environmental,5,MVP,w0.7_0.8_0.1,BIC_Train,MSE_Test_Extrapolation,0.0572014001536754
678_visualizing_environmental,5,MVP,w0.7_0.8_0.1,MDL_Train,MSE_Test_Extrapolation,0.08443609664475368
678_visualizing_environmental,5,MVP,w0.7_0.8_0.1,PSM_Train,MSE_Test_Extrapolation,0.1844104840775207
678_visualizing_environmental,6,MVP,w0.7_0.8_0.1,MSE_Train,MSE_Test_Interpolation,-0.3004457203293798
678_visualizing_environmental,6,MVP,w0.7_0.8_0.1,AIC_Train,MSE_Test_Interpolation,-0.2814585379365919
678_visualizing_environmental,6,MVP,w0.7_0.8_0.1,BIC_Train,MSE_Test_Interpolation,0.2066178137040115
678_visualizing_environmental,6,MVP,w0.7_0.8_0.1,MDL_Train,MSE_Test_Interpolation,0.4940444713051799
678_visualizing_environmental,6,MVP,w0.7_0.8_0.1,PSM_Train,MSE_Test_Interpolation,0.17786003878018686
678_visualizing_environmental,6,MVP,w0.7_0.8_0.1,MSE_Train,MSE_Test_Extrapolation,-0.5932109491073003
678_visualizing_environmental,6,MVP,w0.7_0.8_0.1,AIC_Train,MSE_Test_Extrapolation,-0.5983984286469743
678_visualizing_environmental,6,MVP,w0.7_0.8_0.1,BIC_Train,MSE_Test_Extrapolation,-0.21240965979199716
678_visualizing_environmental,6,MVP,w0.7_0.8_0.1,MDL_Train,MSE_Test_Extrapolation,-0.16088741154843747
678_visualizing_environmental,6,MVP,w0.7_0.8_0.1,PSM_Train,MSE_Test_Extrapolation,-0.34219737604190276
678_visualizing_environmental,7,MVP,w0.7_0.8_0.1,MSE_Train,MSE_Test_Interpolation,-0.7821853300343206
678_visualizing_environmental,7,MVP,w0.7_0.8_0.1,AIC_Train,MSE_Test_Interpolation,-0.6589113257243198
678_visualizing_environmental,7,MVP,w0.7_0.8_0.1,BIC_Train,MSE_Test_Interpolation,0.16182456700454945
678_visualizing_environmental,7,MVP,w0.7_0.8_0.1,MDL_Train,MSE_Test_Interpolation,0.773445606193631
678_visualizing_environmental,7,MVP,w0.7_0.8_0.1,PSM_Train,MSE_Test_Interpolation,0.4296432277117089
678_visualizing_environmental,7,MVP,w0.7_0.8_0.1,MSE_Train,MSE_Test_Extrapolation,-0.339691914757762
678_visualizing_environmental,7,MVP,w0.7_0.8_0.1,AIC_Train,MSE_Test_Extrapolation,-0.09142788730146062
678_visualizing_environmental,7,MVP,w0.7_0.8_0.1,BIC_Train,MSE_Test_Extrapolation,0.5369941735174396
678_visualizing_environmental,7,MVP,w0.7_0.8_0.1,MDL_Train,MSE_Test_Extrapolation,0.34104876686088287
678_visualizing_environmental,7,MVP,w0.7_0.8_0.1,PSM_Train,MSE_Test_Extrapolation,0.2043259637640674
678_visualizing_environmental,8,MVP,w0.7_0.8_0.1,MSE_Train,MSE_Test_Interpolation,-0.36670457527775346
678_visualizing_environmental,8,MVP,w0.7_0.8_0.1,AIC_Train,MSE_Test_Interpolation,-0.090788207505905
678_visualizing_environmental,8,MVP,w0.7_0.8_0.1,BIC_Train,MSE_Test_Interpolation,0.05422097804216604
678_visualizing_environmental,8,MVP,w0.7_0.8_0.1,MDL_Train,MSE_Test_Interpolation,0.35799142682180035
678_visualizing_environmental,8,MVP,w0.7_0.8_0.1,PSM_Train,MSE_Test_Interpolation,-0.04676756189309772
678_visualizing_environmental,8,MVP,w0.7_0.8_0.1,MSE_Train,MSE_Test_Extrapolation,-0.4732919254658385
678_visualizing_environmental,8,MVP,w0.7_0.8_0.1,AIC_Train,MSE_Test_Extrapolation,-0.2551832735543697
678_visualizing_environmental,8,MVP,w0.7_0.8_0.1,BIC_Train,MSE_Test_Extrapolation,-0.08648412212404864
678_visualizing_environmental,8,MVP,w0.7_0.8_0.1,MDL_Train,MSE_Test_Extrapolation,0.25007435919867027
678_visualizing_environmental,8,MVP,w0.7_0.8_0.1,PSM_Train,MSE_Test_Extrapolation,-0.220260694602397
678_visualizing_environmental,9,MVP,w0.7_0.8_0.1,MSE_Train,MSE_Test_Interpolation,-0.741558741905643
678_visualizing_environmental,9,MVP,w0.7_0.8_0.1,AIC_Train,MSE_Test_Interpolation,-0.016766882516188714
678_visualizing_environmental,9,MVP,w0.7_0.8_0.1,BIC_Train,MSE_Test_Interpolation,0.6274283071230343
678_visualizing_environmental,9,MVP,w0.7_0.8_0.1,MDL_Train,MSE_Test_Interpolation,0.7505781683626273
678_visualizing_environmental,9,MVP,w0.7_0.8_0.1,PSM_Train,MSE_Test_Interpolation,0.37118408880666054
678_visualizing_environmental,9,MVP,w0.7_0.8_0.1,MSE_Train,MSE_Test_Extrapolation,-0.20432469935245143
678_visualizing_environmental,9,MVP,w0.7_0.8_0.1,AIC_Train,MSE_Test_Extrapolation,-0.13031914893617022
678_visualizing_environmental,9,MVP,w0.7_0.8_0.1,BIC_Train,MSE_Test_Extrapolation,0.1273126734505088
678_visualizing_environmental,9,MVP,w0.7_0.8_0.1,MDL_Train,MSE_Test_Extrapolation,0.2719703977798335
678_visualizing_environmental,9,MVP,w0.7_0.8_0.1,PSM_Train,MSE_Test_Extrapolation,0.16408418131359853
678_visualizing_environmental,10,MVP,w0.7_0.8_0.1,MSE_Train,MSE_Test_Interpolation,-0.29151248843663274
678_visualizing_environmental,10,MVP,w0.7_0.8_0.1,AIC_Train,MSE_Test_Interpolation,-0.2595975948196115
678_visualizing_environmental,10,MVP,w0.7_0.8_0.1,BIC_Train,MSE_Test_Interpolation,0.28376503237742834
678_visualizing_environmental,10,MVP,w0.7_0.8_0.1,MDL_Train,MSE_Test_Interpolation,0.26491674375578167
678_visualizing_environmental,10,MVP,w0.7_0.8_0.1,PSM_Train,MSE_Test_Interpolation,0.04220629047178539
678_visualizing_environmental,10,MVP,w0.7_0.8_0.1,MSE_Train,MSE_Test_Extrapolation,-0.5990980573543015
678_visualizing_environmental,10,MVP,w0.7_0.8_0.1,AIC_Train,MSE_Test_Extrapolation,0.21299722479185937
678_visualizing_environmental,10,MVP,w0.7_0.8_0.1,BIC_Train,MSE_Test_Extrapolation,0.5396623496762258
678_visualizing_environmental,10,MVP,w0.7_0.8_0.1,MDL_Train,MSE_Test_Extrapolation,0.5263644773358003
678_visualizing_environmental,10,MVP,w0.7_0.8_0.1,PSM_Train,MSE_Test_Extrapolation,0.14650786308973174
678_visualizing_environmental,11,MVP,w0.7_0.8_0.1,MSE_Train,MSE_Test_Interpolation,-0.8028027498677947
678_visualizing_environmental,11,MVP,w0.7_0.8_0.1,AIC_Train,MSE_Test_Interpolation,-0.5603913273400317
678_visualizing_environmental,11,MVP,w0.7_0.8_0.1,BIC_Train,MSE_Test_Interpolation,0.7254891591750396
678_visualizing_environmental,11,MVP,w0.7_0.8_0.1,MDL_Train,MSE_Test_Interpolation,0.8132734003172923
678_visualizing_environmental,11,MVP,w0.7_0.8_0.1,PSM_Train,MSE_Test_Interpolation,-0.0516657852987837
678_visualizing_environmental,11,MVP,w0.7_0.8_0.1,MSE_Train,MSE_Test_Extrapolation,-0.6488101533580115
678_visualizing_environmental,11,MVP,w0.7_0.8_0.1,AIC_Train,MSE_Test_Extrapolation,-0.5443151771549445
678_visualizing_environmental,11,MVP,w0.7_0.8_0.1,BIC_Train,MSE_Test_Extrapolation,0.4478053939714436
678_visualizing_environmental,11,MVP,w0.7_0.8_0.1,MDL_Train,MSE_Test_Extrapolation,0.6226335272342675
678_visualizing_environmental,11,MVP,w0.7_0.8_0.1,PSM_Train,MSE_Test_Extrapolation,-0.2719725013220518
678_visualizing_environmental,12,MVP,w0.7_0.8_0.1,MSE_Train,MSE_Test_Interpolation,-0.8130089899524061
678_visualizing_environmental,12,MVP,w0.7_0.8_0.1,AIC_Train,MSE_Test_Interpolation,-0.6089370703331569
678_visualizing_environmental,12,MVP,w0.7_0.8_0.1,BIC_Train,MSE_Test_Interpolation,0.746271813855103
678_visualizing_environmental,12,MVP,w0.7_0.8_0.1,MDL_Train,MSE_Test_Interpolation,0.8012162876784769
678_visualizing_environmental,12,MVP,w0.7_0.8_0.1,PSM_Train,MSE_Test_Interpolation,0.16451612903225804
678_visualizing_environmental,12,MVP,w0.7_0.8_0.1,MSE_Train,MSE_Test_Extrapolation,0.062295081967213096
678_visualizing_environmental,12,MVP,w0.7_0.8_0.1,AIC_Train,MSE_Test_Extrapolation,0.15875198307773664
678_visualizing_environmental,12,MVP,w0.7_0.8_0.1,BIC_Train,MSE_Test_Extrapolation,0.21549444738233736
678_visualizing_environmental,12,MVP,w0.7_0.8_0.1,MDL_Train,MSE_Test_Extrapolation,-0.09666842940243256
678_visualizing_environmental,12,MVP,w0.7_0.8_0.1,PSM_Train,MSE_Test_Extrapolation,-0.039344262295081964
678_visualizing_environmental,13,MVP,w0.7_0.8_0.1,MSE_Train,MSE_Test_Interpolation,-0.24016050542132672
678_visualizing_environmental,13,MVP,w0.7_0.8_0.1,AIC_Train,MSE_Test_Interpolation,-0.7518995987364467
678_visualizing_environmental,13,MVP,w0.7_0.8_0.1,BIC_Train,MSE_Test_Interpolation,0.03363783829932553
678_visualizing_environmental,13,MVP,w0.7_0.8_0.1,MDL_Train,MSE_Test_Interpolation,0.2360624946640485
678_visualizing_environmental,13,MVP,w0.7_0.8_0.1,PSM_Train,MSE_Test_Interpolation,-0.057542901050115246
678_visualizing_environmental,13,MVP,w0.7_0.8_0.1,MSE_Train,MSE_Test_Extrapolation,0.16221292580893024
678_visualizing_environmental,13,MVP,w0.7_0.8_0.1,AIC_Train,MSE_Test_Extrapolation,-0.4135575855886622
678_visualizing_environmental,13,MVP,w0.7_0.8_0.1,BIC_Train,MSE_Test_Extrapolation,-0.2130111841543584
678_visualizing_environmental,13,MVP,w0.7_0.8_0.1,MDL_Train,MSE_Test_Extrapolation,-0.17732434047639375
678_visualizing_environmental,13,MVP,w0.7_0.8_0.1,PSM_Train,MSE_Test_Extrapolation,-0.02117305557927089
678_visualizing_environmental,14,MVP,w0.7_0.8_0.1,MSE_Train,MSE_Test_Interpolation,-0.8945480937540023
678_visualizing_environmental,14,MVP,w0.7_0.8_0.1,AIC_Train,MSE_Test_Interpolation,-0.6041795633967689
678_visualizing_environmental,14,MVP,w0.7_0.8_0.1,BIC_Train,MSE_Test_Interpolation,0.7395137363735748
678_visualizing_environmental,14,MVP,w0.7_0.8_0.1,MDL_Train,MSE_Test_Interpolation,0.8279292165738792
678_visualizing_environmental,14,MVP,w0.7_0.8_0.1,PSM_Train,MSE_Test_Interpolation,0.03513415448301459
678_visualizing_environmental,14,MVP,w0.7_0.8_0.1,MSE_Train,MSE_Test_Extrapolation,0.6791043184675243
678_visualizing_environmental,14,MVP,w0.7_0.8_0.1,AIC_Train,MSE_Test_Extrapolation,0.7992657103825136
678_visualizing_environmental,14,MVP,w0.7_0.8_0.1,BIC_Train,MSE_Test_Extrapolation,-0.29670423497267767
678_visualizing_environmental,14,MVP,w0.7_0.8_0.1,MDL_Train,MSE_Test_Extrapolation,-0.5231386612021859
678_visualizing_environmental,14,MVP,w0.7_0.8_0.1,PSM_Train,MSE_Test_Extrapolation,0.014343649959708053
678_visualizing_environmental,15,MVP,w0.7_0.8_0.1,MSE_Train,MSE_Test_Interpolation,-0.6879413673321372
678_visualizing_environmental,15,MVP,w0.7_0.8_0.1,AIC_Train,MSE_Test_Interpolation,-0.6984014890489373
678_visualizing_environmental,15,MVP,w0.7_0.8_0.1,BIC_Train,MSE_Test_Interpolation,-0.5626079571195333
678_visualizing_environmental,15,MVP,w0.7_0.8_0.1,MDL_Train,MSE_Test_Interpolation,0.6782711596212929
678_visualizing_environmental,15,MVP,w0.7_0.8_0.1,PSM_Train,MSE_Test_Interpolation,-0.0021376493491621173
678_visualizing_environmental,15,MVP,w0.7_0.8_0.1,MSE_Train,MSE_Test_Extrapolation,-0.6394625338779248
678_visualizing_environmental,15,MVP,w0.7_0.8_0.1,AIC_Train,MSE_Test_Extrapolation,-0.6374767383440042
678_visualizing_environmental,15,MVP,w0.7_0.8_0.1,BIC_Train,MSE_Test_Extrapolation,-0.36223959080542867
678_visualizing_environmental,15,MVP,w0.7_0.8_0.1,MDL_Train,MSE_Test_Extrapolation,0.6197142775626463
678_visualizing_environmental,15,MVP,w0.7_0.8_0.1,PSM_Train,MSE_Test_Extrapolation,0.09191892201397106
678_visualizing_environmental,16,MVP,w0.7_0.8_0.1,MSE_Train,MSE_Test_Interpolation,-0.15760266370699222
678_visualizing_environmental,16,MVP,w0.7_0.8_0.1,AIC_Train,MSE_Test_Interpolation,-0.16468880730811916
678_visualizing_environmental,16,MVP,w0.7_0.8_0.1,BIC_Train,MSE_Test_Interpolation,-0.020575429010501155
678_visualizing_environmental,16,MVP,w0.7_0.8_0.1,MDL_Train,MSE_Test_Interpolation,-0.07828908050883633
678_visualizing_environmental,16,MVP,w0.7_0.8_0.1,PSM_Train,MSE_Test_Interpolation,-0.20882779817297017
678_visualizing_environmental,16,MVP,w0.7_0.8_0.1,MSE_Train,MSE_Test_Extrapolation,0.026466319474088618
678_visualizing_environmental,16,MVP,w0.7_0.8_0.1,AIC_Train,MSE_Test_Extrapolation,0.4245709894988474
678_visualizing_environmental,16,MVP,w0.7_0.8_0.1,BIC_Train,MSE_Test_Extrapolation,0.5343635277042601
678_visualizing_environmental,16,MVP,w0.7_0.8_0.1,MDL_Train,MSE_Test_Extrapolation,0.18637411423204983
678_visualizing_environmental,16,MVP,w0.7_0.8_0.1,PSM_Train,MSE_Test_Extrapolation,0.22146333134124474
678_visualizing_environmental,17,MVP,w0.7_0.8_0.1,MSE_Train,MSE_Test_Interpolation,-0.8628239026969856
678_visualizing_environmental,17,MVP,w0.7_0.8_0.1,AIC_Train,MSE_Test_Interpolation,-0.7823902696985722
678_visualizing_environmental,17,MVP,w0.7_0.8_0.1,BIC_Train,MSE_Test_Interpolation,0.6678476996298254
678_visualizing_environmental,17,MVP,w0.7_0.8_0.1,MDL_Train,MSE_Test_Interpolation,0.9105764145954521
678_visualizing_environmental,17,MVP,w0.7_0.8_0.1,PSM_Train,MSE_Test_Interpolation,0.1163934426229508
678_visualizing_environmental,17,MVP,w0.7_0.8_0.1,MSE_Train,MSE_Test_Extrapolation,0.880169222633527
678_visualizing_environmental,17,MVP,w0.7_0.8_0.1,AIC_Train,MSE_Test_Extrapolation,0.7388683236382866
678_visualizing_environmental,17,MVP,w0.7_0.8_0.1,BIC_Train,MSE_Test_Extrapolation,-0.6847699629825489
678_visualizing_environmental,17,MVP,w0.7_0.8_0.1,MDL_Train,MSE_Test_Extrapolation,-0.9030671602326811
678_visualizing_environmental,17,MVP,w0.7_0.8_0.1,PSM_Train,MSE_Test_Extrapolation,-0.08582760444209411
678_visualizing_environmental,18,MVP,w0.7_0.8_0.1,MSE_Train,MSE_Test_Interpolation,-0.5887173623022678
678_visualizing_environmental,18,MVP,w0.7_0.8_0.1,AIC_Train,MSE_Test_Interpolation,-0.40872879740804263
678_visualizing_environmental,18,MVP,w0.7_0.8_0.1,BIC_Train,MSE_Test_Interpolation,0.6026681913474367
678_visualizing_environmental,18,MVP,w0.7_0.8_0.1,MDL_Train,MSE_Test_Interpolation,0.9201829616923956
678_visualizing_environmental,18,MVP,w0.7_0.8_0.1,PSM_Train,MSE_Test_Interpolation,0.45279207165999613
678_visualizing_environmental,18,MVP,w0.7_0.8_0.1,MSE_Train,MSE_Test_Extrapolation,-0.29696969696969694
678_visualizing_environmental,18,MVP,w0.7_0.8_0.1,AIC_Train,MSE_Test_Extrapolation,-0.17301315037164092
678_visualizing_environmental,18,MVP,w0.7_0.8_0.1,BIC_Train,MSE_Test_Extrapolation,0.6469601677148846
678_visualizing_environmental,18,MVP,w0.7_0.8_0.1,MDL_Train,MSE_Test_Extrapolation,0.5406899180484085
678_visualizing_environmental,18,MVP,w0.7_0.8_0.1,PSM_Train,MSE_Test_Extrapolation,0.10379264341528492
678_visualizing_environmental,19,MVP,w0.7_0.8_0.1,MSE_Train,MSE_Test_Interpolation,-0.6674876847290638
678_visualizing_environmental,19,MVP,w0.7_0.8_0.1,AIC_Train,MSE_Test_Interpolation,-0.40985221674876837
678_visualizing_environmental,19,MVP,w0.7_0.8_0.1,BIC_Train,MSE_Test_Interpolation,0.73743842364532
678_visualizing_environmental,19,MVP,w0.7_0.8_0.1,MDL_Train,MSE_Test_Interpolation,0.6660098522167487
678_visualizing_environmental,19,MVP,w0.7_0.8_0.1,PSM_Train,MSE_Test_Interpolation,0.5014778325123151
678_visualizing_environmental,19,MVP,w0.7_0.8_0.1,MSE_Train,MSE_Test_Extrapolation,-0.09999999999999998
678_visualizing_environmental,19,MVP,w0.7_0.8_0.1,AIC_Train,MSE_Test_Extrapolation,0.2576354679802955
678_visualizing_environmental,19,MVP,w0.7_0.8_0.1,BIC_Train,MSE_Test_Extrapolation,0.7172413793103447
678_visualizing_environmental,19,MVP,w0.7_0.8_0.1,MDL_Train,MSE_Test_Extrapolation,0.13940886699507385
678_visualizing_environmental,19,MVP,w0.7_0.8_0.1,PSM_Train,MSE_Test_Extrapolation,0.2990147783251231
678_visualizing_environmental,20,MVP,w0.7_0.8_0.1,MSE_Train,MSE_Test_Interpolation,-0.1805346211818266
678_visualizing_environmental,20,MVP,w0.7_0.8_0.1,AIC_Train,MSE_Test_Interpolation,-0.16779968624073335
678_visualizing_environmental,20,MVP,w0.7_0.8_0.1,BIC_Train,MSE_Test_Interpolation,0.008951367313666985
678_visualizing_environmental,20,MVP,w0.7_0.8_0.1,MDL_Train,MSE_Test_Interpolation,0.15955581531268265
678_visualizing_environmental,20,MVP,w0.7_0.8_0.1,PSM_Train,MSE_Test_Interpolation,0.15266541573102838
678_visualizing_environmental,20,MVP,w0.7_0.8_0.1,MSE_Train,MSE_Test_Extrapolation,-0.6912239687471163
678_visualizing_environmental,20,MVP,w0.7_0.8_0.1,AIC_Train,MSE_Test_Extrapolation,0.15500322987480392
678_visualizing_environmental,20,MVP,w0.7_0.8_0.1,BIC_Train,MSE_Test_Extrapolation,0.75477560060291
678_visualizing_environmental,20,MVP,w0.7_0.8_0.1,MDL_Train,MSE_Test_Extrapolation,0.6727675412962565
678_visualizing_environmental,20,MVP,w0.7_0.8_0.1,PSM_Train,MSE_Test_Extrapolation,-0.41794579962471934
678_visualizing_environmental,21,MVP,w0.7_0.8_0.1,MSE_Train,MSE_Test_Interpolation,-0.6032018296169238
678_visualizing_environmental,21,MVP,w0.7_0.8_0.1,AIC_Train,MSE_Test_Interpolation,-0.29491137793024585
678_visualizing_environmental,21,MVP,w0.7_0.8_0.1,BIC_Train,MSE_Test_Interpolation,0.5744615971031065
678_visualizing_environmental,21,MVP,w0.7_0.8_0.1,MDL_Train,MSE_Test_Interpolation,0.5900895749952352
678_visualizing_environmental,21,MVP,w0.7_0.8_0.1,PSM_Train,MSE_Test_Interpolation,0.10951019630264912
678_visualizing_environmental,21,MVP,w0.7_0.8_0.1,MSE_Train,MSE_Test_Extrapolation,-0.055002858776443675
678_visualizing_environmental,21,MVP,w0.7_0.8_0.1,AIC_Train,MSE_Test_Extrapolation,0.0035448827901658083
678_visualizing_environmental,21,MVP,w0.7_0.8_0.1,BIC_Train,MSE_Test_Extrapolation,0.1082904516866781
678_visualizing_environmental,21,MVP,w0.7_0.8_0.1,MDL_Train,MSE_Test_Extrapolation,0.040060987230798546
678_visualizing_environmental,21,MVP,w0.7_0.8_0.1,PSM_Train,MSE_Test_Extrapolation,0.08054126167333713
678_visualizing_environmental,22,MVP,w0.7_0.8_0.1,MSE_Train,MSE_Test_Interpolation,-0.44850498338870437
678_visualizing_environmental,22,MVP,w0.7_0.8_0.1,AIC_Train,MSE_Test_Interpolation,0.1940685519812009
678_visualizing_environmental,22,MVP,w0.7_0.8_0.1,BIC_Train,MSE_Test_Interpolation,0.4420225265375578
678_visualizing_environmental,22,MVP,w0.7_0.8_0.1,MDL_Train,MSE_Test_Interpolation,0.4570942387164736
678_visualizing_environmental,22,MVP,w0.7_0.8_0.1,PSM_Train,MSE_Test_Interpolation,0.21254355400696864
678_visualizing_environmental,22,MVP,w0.7_0.8_0.1,MSE_Train,MSE_Test_Extrapolation,-0.0213110768981444
678_visualizing_environmental,22,MVP,w0.7_0.8_0.1,AIC_Train,MSE_Test_Extrapolation,-0.09488696215865815
678_visualizing_environmental,22,MVP,w0.7_0.8_0.1,BIC_Train,MSE_Test_Extrapolation,0.014828620046997814
678_visualizing_environmental,22,MVP,w0.7_0.8_0.1,MDL_Train,MSE_Test_Extrapolation,0.07543959160521838
678_visualizing_environmental,22,MVP,w0.7_0.8_0.1,PSM_Train,MSE_Test_Extrapolation,0.318693784944494
678_visualizing_environmental,23,MVP,w0.7_0.8_0.1,MSE_Train,MSE_Test_Interpolation,-0.4510121457489879
678_visualizing_environmental,23,MVP,w0.7_0.8_0.1,AIC_Train,MSE_Test_Interpolation,-0.4301619433198381
678_visualizing_environmental,23,MVP,w0.7_0.8_0.1,BIC_Train,MSE_Test_Interpolation,-0.11983805668016195
678_visualizing_environmental,23,MVP,w0.7_0.8_0.1,MDL_Train,MSE_Test_Interpolation,0.5161943319838057
678_visualizing_environmental,23,MVP,w0.7_0.8_0.1,PSM_Train,MSE_Test_Interpolation,-0.18461538461538465
678_visualizing_environmental,23,MVP,w0.7_0.8_0.1,MSE_Train,MSE_Test_Extrapolation,-0.3789473684210527
678_visualizing_environmental,23,MVP,w0.7_0.8_0.1,AIC_Train,MSE_Test_Extrapolation,-0.3435222672064777
678_visualizing_environmental,23,MVP,w0.7_0.8_0.1,BIC_Train,MSE_Test_Extrapolation,0.438663967611336
678_visualizing_environmental,23,MVP,w0.7_0.8_0.1,MDL_Train,MSE_Test_Extrapolation,0.397165991902834
678_visualizing_environmental,23,MVP,w0.7_0.8_0.1,PSM_Train,MSE_Test_Extrapolation,0.21862348178137653
678_visualizing_environmental,24,MVP,w0.7_0.8_0.1,MSE_Train,MSE_Test_Interpolation,-0.4596832453459295
678_visualizing_environmental,24,MVP,w0.7_0.8_0.1,AIC_Train,MSE_Test_Interpolation,-0.24228952486801894
678_visualizing_environmental,24,MVP,w0.7_0.8_0.1,BIC_Train,MSE_Test_Interpolation,0.5879410947485414
678_visualizing_environmental,24,MVP,w0.7_0.8_0.1,MDL_Train,MSE_Test_Interpolation,0.6277854959711032
678_visualizing_environmental,24,MVP,w0.7_0.8_0.1,PSM_Train,MSE_Test_Interpolation,0.3313142539594332
678_visualizing_environmental,24,MVP,w0.7_0.8_0.1,MSE_Train,MSE_Test_Extrapolation,-0.3734370658516255
678_visualizing_environmental,24,MVP,w0.7_0.8_0.1,AIC_Train,MSE_Test_Extrapolation,-0.1844401222561823
678_visualizing_environmental,24,MVP,w0.7_0.8_0.1,BIC_Train,MSE_Test_Extrapolation,0.6017227007502085
678_visualizing_environmental,24,MVP,w0.7_0.8_0.1,MDL_Train,MSE_Test_Extrapolation,0.6232842456237845
678_visualizing_environmental,24,MVP,w0.7_0.8_0.1,PSM_Train,MSE_Test_Extrapolation,0.36215615448735766
678_visualizing_environmental,25,MVP,w0.7_0.8_0.1,MSE_Train,MSE_Test_Interpolation,0.25894305472551865
678_visualizing_environmental,25,MVP,w0.7_0.8_0.1,AIC_Train,MSE_Test_Interpolation,0.2630410654827969
678_visualizing_environmental,25,MVP,w0.7_0.8_0.1,BIC_Train,MSE_Test_Interpolation,0.32169384444634164
678_visualizing_environmental,25,MVP,w0.7_0.8_0.1,MDL_Train,MSE_Test_Interpolation,0.44898830359429687
678_visualizing_environmental,25,MVP,w0.7_0.8_0.1,PSM_Train,MSE_Test_Interpolation,0.3298044907367882
678_visualizing_environmental,25,MVP,w0.7_0.8_0.1,MSE_Train,MSE_Test_Extrapolation,-0.3671134636728421
678_visualizing_environmental,25,MVP,w0.7_0.8_0.1,AIC_Train,MSE_Test_Extrapolation,-0.3498676684026296
678_visualizing_environmental,25,MVP,w0.7_0.8_0.1,BIC_Train,MSE_Test_Extrapolation,-0.40143430376504735
678_visualizing_environmental,25,MVP,w0.7_0.8_0.1,MDL_Train,MSE_Test_Extrapolation,-0.4169725945530607
678_visualizing_environmental,25,MVP,w0.7_0.8_0.1,PSM_Train,MSE_Test_Extrapolation,-0.24451464185093486
678_visualizing_environmental,26,MVP,w0.7_0.8_0.1,MSE_Train,MSE_Test_Interpolation,0.07127755964965267
678_visualizing_environmental,26,MVP,w0.7_0.8_0.1,AIC_Train,MSE_Test_Interpolation,0.5862277257626095
678_visualizing_environmental,26,MVP,w0.7_0.8_0.1,BIC_Train,MSE_Test_Interpolation,0.7266686801570522
678_visualizing_environmental,26,MVP,w0.7_0.8_0.1,MDL_Train,MSE_Test_Interpolation,0.893083660525521
678_visualizing_environmental,26,MVP,w0.7_0.8_0.1,PSM_Train,MSE_Test_Interpolation,0.21413470250679553
678_visualizing_environmental,26,MVP,w0.7_0.8_0.1,MSE_Train,MSE_Test_Extrapolation,0.13440048323769255
678_visualizing_environmental,26,MVP,w0.7_0.8_0.1,AIC_Train,MSE_Test_Extrapolation,0.1516158260344307
678_visualizing_environmental,26,MVP,w0.7_0.8_0.1,BIC_Train,MSE_Test_Extrapolation,0.16611295681063123
678_visualizing_environmental,26,MVP,w0.7_0.8_0.1,MDL_Train,MSE_Test_Extrapolation,0.10223497432799758
678_visualizing_environmental,26,MVP,w0.7_0.8_0.1,PSM_Train,MSE_Test_Extrapolation,0.08048927816369676
678_visualizing_environmental,27,MVP,w0.7_0.8_0.1,MSE_Train,MSE_Test_Interpolation,-0.2905744000402911
678_visualizing_environmental,27,MVP,w0.7_0.8_0.1,AIC_Train,MSE_Test_Interpolation,-0.14592933947772657
678_visualizing_environmental,27,MVP,w0.7_0.8_0.1,BIC_Train,MSE_Test_Interpolation,0.4302334365792853
678_visualizing_environmental,27,MVP,w0.7_0.8_0.1,MDL_Train,MSE_Test_Interpolation,0.3041222834982751
678_visualizing_environmental,27,MVP,w0.7_0.8_0.1,PSM_Train,MSE_Test_Interpolation,-0.03306388658054443
678_visualizing_environmental,27,MVP,w0.7_0.8_0.1,MSE_Train,MSE_Test_Extrapolation,0.38334466520611415
678_visualizing_environmental,27,MVP,w0.7_0.8_0.1,AIC_Train,MSE_Test_Extrapolation,0.2954093324267835
678_visualizing_environmental,27,MVP,w0.7_0.8_0.1,BIC_Train,MSE_Test_Extrapolation,-0.3261312986326207
678_visualizing_environmental,27,MVP,w0.7_0.8_0.1,MDL_Train,MSE_Test_Extrapolation,-0.3543350708871597
678_visualizing_environmental,27,MVP,w0.7_0.8_0.1,PSM_Train,MSE_Test_Extrapolation,0.3578101785399511
678_visualizing_environmental,28,MVP,w0.7_0.8_0.1,MSE_Train,MSE_Test_Interpolation,-0.42071881606765327
678_visualizing_environmental,28,MVP,w0.7_0.8_0.1,AIC_Train,MSE_Test_Interpolation,-0.012684989429175477
678_visualizing_environmental,28,MVP,w0.7_0.8_0.1,BIC_Train,MSE_Test_Interpolation,0.16363636363636364
678_visualizing_environmental,28,MVP,w0.7_0.8_0.1,MDL_Train,MSE_Test_Interpolation,0.4472163495419309
678_visualizing_environmental,28,MVP,w0.7_0.8_0.1,PSM_Train,MSE_Test_Interpolation,0.1058491895701198
678_visualizing_environmental,28,MVP,w0.7_0.8_0.1,MSE_Train,MSE_Test_Extrapolation,0.5092318534178999
678_visualizing_environmental,28,MVP,w0.7_0.8_0.1,AIC_Train,MSE_Test_Extrapolation,-0.18900634249471457
678_visualizing_environmental,28,MVP,w0.7_0.8_0.1,BIC_Train,MSE_Test_Extrapolation,-0.43847780126849895
678_visualizing_environmental,28,MVP,w0.7_0.8_0.1,MDL_Train,MSE_Test_Extrapolation,-0.5192389006342495
678_visualizing_environmental,28,MVP,w0.7_0.8_0.1,PSM_Train,MSE_Test_Extrapolation,-0.13319238900634248
678_visualizing_environmental,29,MVP,w0.7_0.8_0.1,MSE_Train,MSE_Test_Interpolation,-0.7988310929281124
678_visualizing_environmental,29,MVP,w0.7_0.8_0.1,AIC_Train,MSE_Test_Interpolation,-0.7416715371127998
678_visualizing_environmental,29,MVP,w0.7_0.8_0.1,BIC_Train,MSE_Test_Interpolation,0.6229690239625951
678_visualizing_environmental,29,MVP,w0.7_0.8_0.1,MDL_Train,MSE_Test_Interpolation,0.790824079485681
678_visualizing_environmental,29,MVP,w0.7_0.8_0.1,PSM_Train,MSE_Test_Interpolation,-0.40438340151957924
678_visualizing_environmental,29,MVP,w0.7_0.8_0.1,MSE_Train,MSE_Test_Extrapolation,-0.020923436586791352
678_visualizing_environmental,29,MVP,w0.7_0.8_0.1,AIC_Train,MSE_Test_Extrapolation,-0.004792518994739919
678_visualizing_environmental,29,MVP,w0.7_0.8_0.1,BIC_Train,MSE_Test_Extrapolation,0.23763880771478668
678_visualizing_environmental,29,MVP,w0.7_0.8_0.1,MDL_Train,MSE_Test_Extrapolation,0.0049094097019286975
678_visualizing_environmental,29,MVP,w0.7_0.8_0.1,PSM_Train,MSE_Test_Extrapolation,-0.22402104032729403
678_visualizing_environmental,30,MVP,w0.7_0.8_0.1,MSE_Train,MSE_Test_Interpolation,-0.4461996336996336
678_visualizing_environmental,30,MVP,w0.7_0.8_0.1,AIC_Train,MSE_Test_Interpolation,-0.24977106227106224
678_visualizing_environmental,30,MVP,w0.7_0.8_0.1,BIC_Train,MSE_Test_Interpolation,0.5749542124542123
678_visualizing_environmental,30,MVP,w0.7_0.8_0.1,MDL_Train,MSE_Test_Interpolation,0.5957417582417582
678_visualizing_environmental,30,MVP,w0.7_0.8_0.1,PSM_Train,MSE_Test_Interpolation,0.30128205128205127
678_visualizing_environmental,30,MVP,w0.7_0.8_0.1,MSE_Train,MSE_Test_Extrapolation,-0.3063186813186813
678_visualizing_environmental,30,MVP,w0.7_0.8_0.1,AIC_Train,MSE_Test_Extrapolation,-0.24848901098901097
678_visualizing_environmental,30,MVP,w0.7_0.8_0.1,BIC_Train,MSE_Test_Extrapolation,0.34560439560439554
678_visualizing_environmental,30,MVP,w0.7_0.8_0.1,MDL_Train,MSE_Test_Extrapolation,0.37641941391941386
678_visualizing_environmental,30,MVP,w0.7_0.8_0.1,PSM_Train,MSE_Test_Extrapolation,0.18507326007326005
