complexity,loss,equation,score,sympy_format,lambda_format,run,equation_index,equation_string
1,9444914.0,799.5623,0.0,799.562300000000,PySRFunction(X=>799.562300000000),27,0,799.562300000000
3,9444390.0,x0 + 800.0832,2.7740566837948086e-05,x0 + 800.0832,PySRFunction(X=>x0 + 800.0832),27,1,x0 + 800.0832
4,9444363.0,sin(x0) + 800.0832,2.85884409632483e-06,sin(x0) + 800.0832,PySRFunction(X=>sin(x0) + 800.0832),27,2,sin(x0) + 800.0832
5,9432349.0,803.7546 - exp(exp(x0)),0.001272891340625692,803.7546 - exp(exp(x0)),PySRFunction(X=>803.7546 - exp(exp(x0))),27,3,803.7546 - exp(exp(x0))
7,9392123.0,803.7546 - exp(exp(x0) + x0),0.0021369024973809107,803.7546 - exp(x0 + exp(x0)),PySRFunction(X=>803.7546 - exp(x0 + exp(x0))),27,4,803.7546 - exp(x0 + exp(x0))
8,9268744.0,exp(exp(0.8690488 + cos(x1 - x0))),0.013223479684699392,exp(exp(cos(-x0 + x1) + 0.8690488)),PySRFunction(X=>exp(exp(cos(-x0 + x1) + 0.8690488))),27,5,exp(exp(cos(-x0 + x1) + 0.8690488))
10,7069117.0,square(exp(exp(sin(exp(x0) * x1) / 0.6423087))),0.1354561506883961,exp(2*exp(sin(x1*exp(x0))/0.6423087)),PySRFunction(X=>exp(2*exp(sin(x1*exp(x0))/0.6423087))),27,6,exp(2*exp(sin(x1*exp(x0))/0.6423087))
12,3116685.0,x0 * square(exp(exp(sin(exp(x0) * x1) / 0.6423087))),0.4094828206112486,x0*exp(2*exp(sin(x1*exp(x0))/0.6423087)),PySRFunction(X=>x0*exp(2*exp(sin(x1*exp(x0))/0.6423087))),27,7,x0*exp(2*exp(sin(x1*exp(x0))/0.6423087))
13,1880876.5,square(exp(exp(sqrt(exp(sin(exp(x0) * x1)))) - square(x1))),0.505032045370376,exp(-2*x1**2 + 2*exp(sqrt(exp(sin(x1*exp(x0)))))),PySRFunction(X=>exp(-2*x1**2 + 2*exp(sqrt(exp(sin(x1*exp(x0))))))),27,8,exp(-2*x1**2 + 2*exp(sqrt(exp(sin(x1*exp(x0))))))
14,1186739.9,square((exp(exp(sin(exp(x0) * x1) / 0.6423087)) * -1.6434418) * x0),0.4605279238229735,2.70090094998724*x0**2*exp(2*exp(sin(x1*exp(x0))/0.6423087)),PySRFunction(X=>2.70090094998724*x0**2*exp(2*exp(sin(x1*exp(x0))/0.6423087))),27,9,2.70090094998724*x0**2*exp(2*exp(sin(x1*exp(x0))/0.6423087))
16,1148659.0,square(-1.6434418 * ((exp(exp(sin(exp(x0) * x1) / 0.6423087)) * x0) - x2)),0.016307396382264937,2.70090094998724*(x0*exp(exp(sin(x1*exp(x0))/0.6423087)) - x2)**2,PySRFunction(X=>2.70090094998724*(x0*exp(exp(sin(x1*exp(x0))/0.6423087)) - x2)**2),27,10,2.70090094998724*(x0*exp(exp(sin(x1*exp(x0))/0.6423087)) - x2)**2
17,1123197.9,square(-1.6434418 * ((exp(exp(sin(exp(x0) * x1) / 0.6423087)) * x0) - exp(x2))),0.022415290380704785,2.70090094998724*(x0*exp(exp(sin(x1*exp(x0))/0.6423087)) - exp(x2))**2,PySRFunction(X=>2.70090094998724*(x0*exp(exp(sin(x1*exp(x0))/0.6423087)) - exp(x2))**2),27,11,2.70090094998724*(x0*exp(exp(sin(x1*exp(x0))/0.6423087)) - exp(x2))**2
18,1119960.0,square((((x0 * exp(exp(sin(exp(x0) * x1) / 0.6423087))) - x2) - x2) * -1.6434418),0.0028869142460234793,2.70090094998724*(x0*exp(exp(sin(x1*exp(x0))/0.6423087)) - x2 - x2)**2,PySRFunction(X=>2.70090094998724*(x0*exp(exp(sin(x1*exp(x0))/0.6423087)) - x2 - x2)**2),27,12,2.70090094998724*(x0*exp(exp(sin(x1*exp(x0))/0.6423087)) - x2 - x2)**2
19,1107921.1,square(x2 + (((x0 * exp(exp(sin(exp(x0) * x1) / 0.6423087))) - exp(x2)) * -1.6434418)),0.010807593980216799,(x2 + (x0*exp(exp(sin(x1*exp(x0))/0.6423087)) - exp(x2))*(-1.6434418))**2,PySRFunction(X=>(x2 + (x0*exp(exp(sin(x1*exp(x0))/0.6423087)) - exp(x2))*(-1.6434418))**2),27,13,(x2 + (x0*exp(exp(sin(x1*exp(x0))/0.6423087)) - exp(x2))*(-1.6434418))**2
20,1100940.9,square((((x0 * exp(exp(sin(exp(x0) * x1) / 0.6423087))) - x2) - (x2 + x2)) * -1.6434418),0.006320198577614307,2.70090094998724*(x0*exp(exp(sin(x1*exp(x0))/0.6423087)) - x2 - (x2 + x2))**2,PySRFunction(X=>2.70090094998724*(x0*exp(exp(sin(x1*exp(x0))/0.6423087)) - x2 - (x2 + x2))**2),27,14,2.70090094998724*(x0*exp(exp(sin(x1*exp(x0))/0.6423087)) - x2 - (x2 + x2))**2
21,1039848.0,square(-1.6434418 * ((0.7809477 / cos(exp(square(x2)))) + (x0 * exp(exp(sin(exp(x0) * x1) / 0.6423087))))),0.05709062920007424,2.70090094998724*(x0*exp(exp(sin(x1*exp(x0))/0.6423087)) + 0.7809477/cos(exp(x2**2)))**2,PySRFunction(X=>2.70090094998724*(x0*exp(exp(sin(x1*exp(x0))/0.6423087)) + 0.7809477/cos(exp(x2**2)))**2),27,15,2.70090094998724*(x0*exp(exp(sin(x1*exp(x0))/0.6423087)) + 0.7809477/cos(exp(x2**2)))**2
22,1000650.25,square(-1.6434418 * (((x0 * exp(exp(sin(exp(x0) * x1) / 0.6423087))) - x2) + (1.1416951 / cos(exp(x2))))),0.0384245099465419,3.52053715289174*(0.875890594607965*x0*exp(exp(sin(x1*exp(x0))/0.6423087)) - 0.875890594607965*x2 + 1/cos(exp(x2)))**2,PySRFunction(X=>3.52053715289174*(0.875890594607965*x0*exp(exp(sin(x1*exp(x0))/0.6423087)) - 0.875890594607965*x2 + 1/cos(exp(x2)))**2),27,16,3.52053715289174*(0.875890594607965*x0*exp(exp(sin(x1*exp(x0))/0.6423087)) - 0.875890594607965*x2 + 1/cos(exp(x2)))**2
23,973564.5,square(-1.6434418 * (((x0 * exp(exp(sin(exp(x0) * x1) / 0.6423087))) - x2) + (1.1416951 / cos(exp(square(x2)))))),0.027441239265651035,3.52053715289174*(0.875890594607965*x0*exp(exp(sin(x1*exp(x0))/0.6423087)) - 0.875890594607965*x2 + 1/cos(exp(x2**2)))**2,PySRFunction(X=>3.52053715289174*(0.875890594607965*x0*exp(exp(sin(x1*exp(x0))/0.6423087)) - 0.875890594607965*x2 + 1/cos(exp(x2**2)))**2),27,17,3.52053715289174*(0.875890594607965*x0*exp(exp(sin(x1*exp(x0))/0.6423087)) - 0.875890594607965*x2 + 1/cos(exp(x2**2)))**2
25,949951.7,square(-1.6434418 * (((x1 + x2) / cos(exp(square(x2)))) + (x0 * (exp(exp(sin(exp(x0) * x1) / 0.6423087)) - x2)))),0.012276468599368888,2.70090094998724*(x0*(-x2 + exp(exp(sin(x1*exp(x0))/0.6423087))) + (x1 + x2)/cos(exp(x2**2)))**2,PySRFunction(X=>2.70090094998724*(x0*(-x2 + exp(exp(sin(x1*exp(x0))/0.6423087))) + (x1 + x2)/cos(exp(x2**2)))**2),27,18,2.70090094998724*(x0*(-x2 + exp(exp(sin(x1*exp(x0))/0.6423087))) + (x1 + x2)/cos(exp(x2**2)))**2
28,937129.9,square((((x2 * (exp(x2) / (x2 - 0.6328419))) + 8.975835) - exp(exp(sqrt(exp(sin(exp(x0) * x1)))) - square(x1))) - x1) / 0.6326629,0.0045297448763644745,127.343667452643*(-0.111410247625987*x1 + 0.111410247625987*x2*exp(x2)/(x2 - 0.6328419) - 0.111410247625987*exp(-x1**2 + exp(sqrt(exp(sin(x1*exp(x0)))))) + 1)**2,PySRFunction(X=>127.343667452643*(-0.111410247625987*x1 + 0.111410247625987*x2*exp(x2)/(x2 - 0.6328419) - 0.111410247625987*exp(-x1**2 + exp(sqrt(exp(sin(x1*exp(x0)))))) + 1)**2),27,19,127.343667452643*(-0.111410247625987*x1 + 0.111410247625987*x2*exp(x2)/(x2 - 0.6328419) - 0.111410247625987*exp(-x1**2 + exp(sqrt(exp(sin(x1*exp(x0)))))) + 1)**2
29,823304.06,(square(square((x0 - (cos(exp(x2)) * 3.695248)) + sin(x0)) - exp(exp(sqrt(exp(sin(x1 * exp(x0))))) - square(x1))) / 0.6485343) + 0.6390478,0.12949632090176516,287.502358831446*((0.270617831333648*x0 + 0.270617831333648*sin(x0) - cos(exp(x2)))**2 - 0.0732340106357268*exp(-x1**2 + exp(sqrt(exp(sin(x1*exp(x0)))))))**2 + 0.6390478,PySRFunction(X=>287.502358831446*((0.270617831333648*x0 + 0.270617831333648*sin(x0) - cos(exp(x2)))**2 - 0.0732340106357268*exp(-x1**2 + exp(sqrt(exp(sin(x1*exp(x0)))))))**2 + 0.6390478),27,20,287.502358831446*((0.270617831333648*x0 + 0.270617831333648*sin(x0) - cos(exp(x2)))**2 - 0.0732340106357268*exp(-x1**2 + exp(sqrt(exp(sin(x1*exp(x0)))))))**2 + 0.6390478
30,813640.25,(square(square((x0 - (cos(exp(x2)) * 3.695248)) + sin(sin(x0))) - exp(exp(sqrt(exp(sin(x1 * exp(x0))))) - square(x1))) / 0.6485343) + 0.6390478,0.011807270670525269,287.502358831446*((0.270617831333648*x0 + 0.270617831333648*sin(sin(x0)) - cos(exp(x2)))**2 - 0.0732340106357268*exp(-x1**2 + exp(sqrt(exp(sin(x1*exp(x0)))))))**2 + 0.6390478,PySRFunction(X=>287.502358831446*((0.270617831333648*x0 + 0.270617831333648*sin(sin(x0)) - cos(exp(x2)))**2 - 0.0732340106357268*exp(-x1**2 + exp(sqrt(exp(sin(x1*exp(x0)))))))**2 + 0.6390478),27,21,287.502358831446*((0.270617831333648*x0 + 0.270617831333648*sin(sin(x0)) - cos(exp(x2)))**2 - 0.0732340106357268*exp(-x1**2 + exp(sqrt(exp(sin(x1*exp(x0)))))))**2 + 0.6390478
31,796986.44,(square(square((x1 - (cos(exp(x2)) * 3.695248)) + sin(x0)) + (2.004702 - exp(exp(sqrt(exp(sin(x1 * exp(x0))))) - square(x1)))) / 0.6485343) + -0.85040826,0.0206806501517137,287.502358831446*((0.270617831333648*x1 + 0.270617831333648*sin(x0) - cos(exp(x2)))**2 - 0.0732340106357268*exp(-x1**2 + exp(sqrt(exp(sin(x1*exp(x0)))))) + 0.146812367589463)**2 - 0.85040826,PySRFunction(X=>287.502358831446*((0.270617831333648*x1 + 0.270617831333648*sin(x0) - cos(exp(x2)))**2 - 0.0732340106357268*exp(-x1**2 + exp(sqrt(exp(sin(x1*exp(x0)))))) + 0.146812367589463)**2 - 0.85040826),27,22,287.502358831446*((0.270617831333648*x1 + 0.270617831333648*sin(x0) - cos(exp(x2)))**2 - 0.0732340106357268*exp(-x1**2 + exp(sqrt(exp(sin(x1*exp(x0)))))) + 0.146812367589463)**2 - 0.85040826
33,758241.25,(square(exp(exp(sqrt(exp(sin(exp(x0) * x1)))) - square(x1)) + (sin(x0) - square((sin(x1) - (cos(exp(x2)) * 4.035388)) + sin(x0)))) / 0.6485343) + -0.7640225,0.024918029035627644,408.891650678699*(-(0.247807645757979*sin(x0) + 0.247807645757979*sin(x1) - cos(exp(x2)))**2 + 0.0614086292961121*exp(-x1**2 + exp(sqrt(exp(sin(x1*exp(x0)))))) + 0.0614086292961121*sin(x0))**2 - 0.7640225,PySRFunction(X=>408.891650678699*(-(0.247807645757979*sin(x0) + 0.247807645757979*sin(x1) - cos(exp(x2)))**2 + 0.0614086292961121*exp(-x1**2 + exp(sqrt(exp(sin(x1*exp(x0)))))) + 0.0614086292961121*sin(x0))**2 - 0.7640225),27,23,408.891650678699*(-(0.247807645757979*sin(x0) + 0.247807645757979*sin(x1) - cos(exp(x2)))**2 + 0.0614086292961121*exp(-x1**2 + exp(sqrt(exp(sin(x1*exp(x0)))))) + 0.0614086292961121*sin(x0))**2 - 0.7640225
36,736297.06,x0 + ((square(square((cos(exp(x2)) * 3.7032344) - (sin(square(exp(cos(x1) - x0))) + x1)) - exp(exp(sqrt(exp(sin(x1 * exp(x0))))) - square(x1))) / 0.6485343) + 0.7284937),0.009789318447809503,x0 + 289.995900060226*((-0.270034216575651*x1 - 0.270034216575651*sin(exp(-2*x0 + 2*cos(x1))) + cos(exp(x2)))**2 - 0.0729184781216254*exp(-x1**2 + exp(sqrt(exp(sin(x1*exp(x0)))))))**2 + 0.7284937,PySRFunction(X=>x0 + 289.995900060226*((-0.270034216575651*x1 - 0.270034216575651*sin(exp(-2*x0 + 2*cos(x1))) + cos(exp(x2)))**2 - 0.0729184781216254*exp(-x1**2 + exp(sqrt(exp(sin(x1*exp(x0)))))))**2 + 0.7284937),27,24,x0 + 289.995900060226*((-0.270034216575651*x1 - 0.270034216575651*sin(exp(-2*x0 + 2*cos(x1))) + cos(exp(x2)))**2 - 0.0729184781216254*exp(-x1**2 + exp(sqrt(exp(sin(x1*exp(x0)))))))**2 + 0.7284937
37,706375.4,square((square(((sin(square(x0 - cos(exp(x2)))) + x1) - (cos(exp(x2)) * 3.695248)) + sin(x0)) - exp(exp(sqrt(exp(sin(x1 * exp(x0))))) - square(x1))) + -0.5976727) / 0.6485343,0.04148682720773471,287.502358831446*((0.270617831333648*x1 + 0.270617831333648*sin(x0) + 0.270617831333648*sin((x0 - cos(exp(x2)))**2) - cos(exp(x2)))**2 - 0.0732340106357268*exp(-x1**2 + exp(sqrt(exp(sin(x1*exp(x0)))))) - 0.0437699688684835)**2,PySRFunction(X=>287.502358831446*((0.270617831333648*x1 + 0.270617831333648*sin(x0) + 0.270617831333648*sin((x0 - cos(exp(x2)))**2) - cos(exp(x2)))**2 - 0.0732340106357268*exp(-x1**2 + exp(sqrt(exp(sin(x1*exp(x0)))))) - 0.0437699688684835)**2),27,25,287.502358831446*((0.270617831333648*x1 + 0.270617831333648*sin(x0) + 0.270617831333648*sin((x0 - cos(exp(x2)))**2) - cos(exp(x2)))**2 - 0.0732340106357268*exp(-x1**2 + exp(sqrt(exp(sin(x1*exp(x0)))))) - 0.0437699688684835)**2
42,706139.75,square(sin(-0.64059514) + (square(((sin(square(cos(exp(x2)) - x0)) + x1) - (exp(exp(-1.4040043 * -0.19189492)) * cos(exp(x2)))) + sin(x0)) - exp(exp(sqrt(exp(sin(x1 * exp(x0))))) - square(x1)))) / 0.6485343,6.673202823664602e-05,289.995881811564*((0.270034220823783*x1 + 0.270034220823783*sin(x0) + 0.270034220823783*sin((-x0 + cos(exp(x2)))**2) - cos(exp(x2)))**2 - 0.0729184804159074*exp(-x1**2 + exp(sqrt(exp(sin(x1*exp(x0)))))) - 0.0435813846940139)**2,PySRFunction(X=>289.995881811564*((0.270034220823783*x1 + 0.270034220823783*sin(x0) + 0.270034220823783*sin((-x0 + cos(exp(x2)))**2) - cos(exp(x2)))**2 - 0.0729184804159074*exp(-x1**2 + exp(sqrt(exp(sin(x1*exp(x0)))))) - 0.0435813846940139)**2),27,26,289.995881811564*((0.270034220823783*x1 + 0.270034220823783*sin(x0) + 0.270034220823783*sin((-x0 + cos(exp(x2)))**2) - cos(exp(x2)))**2 - 0.0729184804159074*exp(-x1**2 + exp(sqrt(exp(sin(x1*exp(x0)))))) - 0.0435813846940139)**2
44,704564.7,(square(exp(exp(sqrt(exp(sin(exp(x0) * x1)))) - square(x1)) - square((sin(square(cos(exp(x2)) - x0)) + (x1 - (cos(exp(x2)) * exp(exp(-1.4040043 * sin(-0.19189492)))))) + sin(sin(x0)))) / 0.6485343) + sin(x0),0.001116499387572262,287.502230814686*(-(0.270617861458294*x1 + 0.270617861458294*sin((-x0 + cos(exp(x2)))**2) + 0.270617861458294*sin(sin(x0)) - cos(exp(x2)))**2 + 0.0732340269402605*exp(-x1**2 + exp(sqrt(exp(sin(x1*exp(x0)))))))**2 + sin(x0),PySRFunction(X=>287.502230814686*(-(0.270617861458294*x1 + 0.270617861458294*sin((-x0 + cos(exp(x2)))**2) + 0.270617861458294*sin(sin(x0)) - cos(exp(x2)))**2 + 0.0732340269402605*exp(-x1**2 + exp(sqrt(exp(sin(x1*exp(x0)))))))**2 + sin(x0)),27,27,287.502230814686*(-(0.270617861458294*x1 + 0.270617861458294*sin((-x0 + cos(exp(x2)))**2) + 0.270617861458294*sin(sin(x0)) - cos(exp(x2)))**2 + 0.0732340269402605*exp(-x1**2 + exp(sqrt(exp(sin(x1*exp(x0)))))))**2 + sin(x0)
45,703239.2,(square(square(sin(square(cos(exp(x2)) - x0)) + ((x1 - (exp(exp(-1.4040043 * sin(-0.19189492))) * cos(exp(x2)))) + sin(x0))) - (exp(exp(sqrt(exp(sin(x1 * exp(x0))))) - square(x1)) + sin(-0.64059514))) / 0.6485343) * 1.0697751,0.0018830753227522582,307.562727720004*((0.270617861458294*x1 + 0.270617861458294*sin(x0) + 0.270617861458294*sin((-x0 + cos(exp(x2)))**2) - cos(exp(x2)))**2 - 0.0732340269402605*exp(-x1**2 + exp(sqrt(exp(sin(x1*exp(x0)))))) + 0.0437699782355723)**2,PySRFunction(X=>307.562727720004*((0.270617861458294*x1 + 0.270617861458294*sin(x0) + 0.270617861458294*sin((-x0 + cos(exp(x2)))**2) - cos(exp(x2)))**2 - 0.0732340269402605*exp(-x1**2 + exp(sqrt(exp(sin(x1*exp(x0)))))) + 0.0437699782355723)**2),27,28,307.562727720004*((0.270617861458294*x1 + 0.270617861458294*sin(x0) + 0.270617861458294*sin((-x0 + cos(exp(x2)))**2) - cos(exp(x2)))**2 - 0.0732340269402605*exp(-x1**2 + exp(sqrt(exp(sin(x1*exp(x0)))))) + 0.0437699782355723)**2
52,696363.4,(square(exp(exp(sqrt(exp(sin(exp(x0) * x1)))) - square(x1)) + ((0.54434705 / ((1.1129099 / exp(sin(exp(x2)))) - x2)) - (((((x2 + x2) / (x2 - 0.63944715)) + 2.5892243) + (0.30649745 + square((square(x0) - x0) - x1))) + 2.5892243))) / 0.6485343) - (0.30649745 + x1),0.0014036342102288508,-x1 + 46.3886538790787*(-0.364634397816912*x2/(x2 - 0.63944715) - 0.182317198908456*(x0**2 - x0 - x1)**2 + 0.182317198908456*exp(-x1**2 + exp(sqrt(exp(sin(x1*exp(x0)))))) - 1 + 0.0992438293900812/(-x2 + 1.1129099*exp(-sin(exp(x2)))))**2 - 0.30649745,PySRFunction(X=>-x1 + 46.3886538790787*(-0.364634397816912*x2/(x2 - 0.63944715) - 0.182317198908456*(x0**2 - x0 - x1)**2 + 0.182317198908456*exp(-x1**2 + exp(sqrt(exp(sin(x1*exp(x0)))))) - 1 + 0.0992438293900812/(-x2 + 1.1129099*exp(-sin(exp(x2)))))**2 - 0.30649745),27,29,-x1 + 46.3886538790787*(-0.364634397816912*x2/(x2 - 0.63944715) - 0.182317198908456*(x0**2 - x0 - x1)**2 + 0.182317198908456*exp(-x1**2 + exp(sqrt(exp(sin(x1*exp(x0)))))) - 1 + 0.0992438293900812/(-x2 + 1.1129099*exp(-sin(exp(x2)))))**2 - 0.30649745
53,654389.25,((square((exp(exp(sqrt(exp(sin(exp(x0) * x1)))) - square(x1)) + (cos(x0) / ((1.1129099 / exp(sin(exp(x2)))) - x2))) - ((((((x2 + x2) / (x2 - 0.63944715)) + 2.5892243) + x2) + square((square(x0) - x0) - x1)) + 2.5892243)) / 0.6485343) - 0.30649745) + x1,0.062169292618626755,x1 + 41.3491312685265*(-0.193108028531943*x2 - 0.386216057063886*x2/(x2 - 0.63944715) - 0.193108028531943*(x0**2 - x0 - x1)**2 + 0.193108028531943*exp(-x1**2 + exp(sqrt(exp(sin(x1*exp(x0)))))) - 1 + 0.193108028531943*cos(x0)/(-x2 + 1.1129099*exp(-sin(exp(x2)))))**2 - 0.30649745,PySRFunction(X=>x1 + 41.3491312685265*(-0.193108028531943*x2 - 0.386216057063886*x2/(x2 - 0.63944715) - 0.193108028531943*(x0**2 - x0 - x1)**2 + 0.193108028531943*exp(-x1**2 + exp(sqrt(exp(sin(x1*exp(x0)))))) - 1 + 0.193108028531943*cos(x0)/(-x2 + 1.1129099*exp(-sin(exp(x2)))))**2 - 0.30649745),27,30,x1 + 41.3491312685265*(-0.193108028531943*x2 - 0.386216057063886*x2/(x2 - 0.63944715) - 0.193108028531943*(x0**2 - x0 - x1)**2 + 0.193108028531943*exp(-x1**2 + exp(sqrt(exp(sin(x1*exp(x0)))))) - 1 + 0.193108028531943*cos(x0)/(-x2 + 1.1129099*exp(-sin(exp(x2)))))**2 - 0.30649745
56,643544.7,(square((((x2 + x2) / (x2 - 0.63944715)) + square((x2 + (x1 - (square(x0) - x0))) + 0.039037123)) + (3.5750403 - ((exp(exp(sqrt(exp(sin(exp(x0) * x1)))) - square(x1)) + (x0 / ((1.1129099 / exp(sin(x0 * exp(x0)))) - x2))) + -0.0909187))) / 0.6485343) - (x1 + x1),0.005570289799617478,-2*x1 + 20.7225051777231*(-0.272779919251688*x0/(-x2 + 1.1129099*exp(-sin(x0*exp(x0)))) + 0.545559838503377*x2/(x2 - 0.63944715) + 0.272779919251688*(-x0**2 + x0 + x1 + x2 + 0.039037123)**2 - 0.272779919251688*exp(-x1**2 + exp(sqrt(exp(sin(x1*exp(x0)))))) + 1)**2,PySRFunction(X=>-2*x1 + 20.7225051777231*(-0.272779919251688*x0/(-x2 + 1.1129099*exp(-sin(x0*exp(x0)))) + 0.545559838503377*x2/(x2 - 0.63944715) + 0.272779919251688*(-x0**2 + x0 + x1 + x2 + 0.039037123)**2 - 0.272779919251688*exp(-x1**2 + exp(sqrt(exp(sin(x1*exp(x0)))))) + 1)**2),27,31,-2*x1 + 20.7225051777231*(-0.272779919251688*x0/(-x2 + 1.1129099*exp(-sin(x0*exp(x0)))) + 0.545559838503377*x2/(x2 - 0.63944715) + 0.272779919251688*(-x0**2 + x0 + x1 + x2 + 0.039037123)**2 - 0.272779919251688*exp(-x1**2 + exp(sqrt(exp(sin(x1*exp(x0)))))) + 1)**2
57,616144.9,(square((exp(exp(sqrt(exp(sin(exp(x0) * x1)))) - square(x1)) - (square(x2 + 1.3202317) - (cos(square(exp(sqrt(exp(x0 * sin(exp(x0))))) - x2)) * 5.9351425))) - (((x2 / (x2 - 0.63944715)) + 2.5892243) + square((x2 + x1) - (square(x0) - x0)))) / 0.6485343) - (1.4510943 - x1),0.0435093253484924,x1 + 54.316196530093*(-0.168487951215999*x2/(x2 - 0.63944715) - 0.293676477301916*(0.757442803410947*x2 + 1)**2 - 0.168487951215999*(-x0**2 + x0 + x1 + x2)**2 + 0.168487951215999*exp(-x1**2 + exp(sqrt(exp(sin(x1*exp(x0)))))) + cos((-x2 + exp(sqrt(exp(x0*sin(exp(x0))))))**2) - 0.436253097545678)**2 - 1.4510943,PySRFunction(X=>x1 + 54.316196530093*(-0.168487951215999*x2/(x2 - 0.63944715) - 0.293676477301916*(0.757442803410947*x2 + 1)**2 - 0.168487951215999*(-x0**2 + x0 + x1 + x2)**2 + 0.168487951215999*exp(-x1**2 + exp(sqrt(exp(sin(x1*exp(x0)))))) + cos((-x2 + exp(sqrt(exp(x0*sin(exp(x0))))))**2) - 0.436253097545678)**2 - 1.4510943),27,32,x1 + 54.316196530093*(-0.168487951215999*x2/(x2 - 0.63944715) - 0.293676477301916*(0.757442803410947*x2 + 1)**2 - 0.168487951215999*(-x0**2 + x0 + x1 + x2)**2 + 0.168487951215999*exp(-x1**2 + exp(sqrt(exp(sin(x1*exp(x0)))))) + cos((-x2 + exp(sqrt(exp(x0*sin(exp(x0))))))**2) - 0.436253097545678)**2 - 1.4510943
58,582752.06,(square((exp(exp(sqrt(exp(sin(exp(x0) * x1)))) - square(x1)) - (square(x2 + 1.3202317) - (exp(exp(cos(x2))) * cos(square(exp(sqrt(exp(x0 * sin(exp(x0))))) - x2))))) - (((x2 / (x2 - 0.63944715)) + 2.5892243) + square((x2 + x1) - (square(x0) - x0)))) / 0.6485343) - x0,0.05572035027149628,-x0 + 10.3372828171316*(-0.386216057063886*x2/(x2 - 0.63944715) - 0.673179122289595*(0.757442803410947*x2 + 1)**2 - 0.386216057063886*(-x0**2 + x0 + x1 + x2)**2 + 0.386216057063886*exp(-x1**2 + exp(sqrt(exp(sin(x1*exp(x0)))))) + 0.386216057063886*exp(exp(cos(x2)))*cos((-x2 + exp(sqrt(exp(x0*sin(exp(x0))))))**2) - 1)**2,PySRFunction(X=>-x0 + 10.3372828171316*(-0.386216057063886*x2/(x2 - 0.63944715) - 0.673179122289595*(0.757442803410947*x2 + 1)**2 - 0.386216057063886*(-x0**2 + x0 + x1 + x2)**2 + 0.386216057063886*exp(-x1**2 + exp(sqrt(exp(sin(x1*exp(x0)))))) + 0.386216057063886*exp(exp(cos(x2)))*cos((-x2 + exp(sqrt(exp(x0*sin(exp(x0))))))**2) - 1)**2),27,33,-x0 + 10.3372828171316*(-0.386216057063886*x2/(x2 - 0.63944715) - 0.673179122289595*(0.757442803410947*x2 + 1)**2 - 0.386216057063886*(-x0**2 + x0 + x1 + x2)**2 + 0.386216057063886*exp(-x1**2 + exp(sqrt(exp(sin(x1*exp(x0)))))) + 0.386216057063886*exp(exp(cos(x2)))*cos((-x2 + exp(sqrt(exp(x0*sin(exp(x0))))))**2) - 1)**2
59,568680.06,(square((exp(exp(sqrt(exp(sin(exp(x0) * x1)))) - square(x1)) - (square(1.3202317 + x2) - (exp(exp(sin(exp(x0)))) * cos(square(x2 - exp(sqrt(exp(sin(exp(x0)) * x0)))))))) - ((square((x2 + x1) - (square(x0) - x0)) + (x2 / (x2 - 0.63944715))) + 2.5892243)) / 0.6485343) - 0.68832093,0.024443821598170833,10.3372828171316*(-0.386216057063886*x2/(x2 - 0.63944715) - 0.673179122289595*(0.757442803410947*x2 + 1)**2 - 0.386216057063886*(-x0**2 + x0 + x1 + x2)**2 + 0.386216057063886*exp(-x1**2 + exp(sqrt(exp(sin(x1*exp(x0)))))) + 0.386216057063886*exp(exp(sin(exp(x0))))*cos((x2 - exp(sqrt(exp(x0*sin(exp(x0))))))**2) - 1)**2 - 0.68832093,PySRFunction(X=>10.3372828171316*(-0.386216057063886*x2/(x2 - 0.63944715) - 0.673179122289595*(0.757442803410947*x2 + 1)**2 - 0.386216057063886*(-x0**2 + x0 + x1 + x2)**2 + 0.386216057063886*exp(-x1**2 + exp(sqrt(exp(sin(x1*exp(x0)))))) + 0.386216057063886*exp(exp(sin(exp(x0))))*cos((x2 - exp(sqrt(exp(x0*sin(exp(x0))))))**2) - 1)**2 - 0.68832093),27,34,10.3372828171316*(-0.386216057063886*x2/(x2 - 0.63944715) - 0.673179122289595*(0.757442803410947*x2 + 1)**2 - 0.386216057063886*(-x0**2 + x0 + x1 + x2)**2 + 0.386216057063886*exp(-x1**2 + exp(sqrt(exp(sin(x1*exp(x0)))))) + 0.386216057063886*exp(exp(sin(exp(x0))))*cos((x2 - exp(sqrt(exp(x0*sin(exp(x0))))))**2) - 1)**2 - 0.68832093
60,563707.2,(square((exp(exp(sqrt(exp(sin(exp(x0) * x1)))) - square(x1)) - (square(1.3202317 + x2) - (exp(exp(sin(x2 + x1))) * cos(square(exp(sqrt(exp(x0 * sin(exp(x0))))) - x2))))) - (2.5892243 + ((x2 / (x2 - 0.63944715)) + square((x2 + x1) - (square(x0) - x0))))) / 0.6485343) - x2,0.008783023517560891,-x2 + 10.3372828171316*(-0.386216057063886*x2/(x2 - 0.63944715) - 0.673179122289595*(0.757442803410947*x2 + 1)**2 - 0.386216057063886*(-x0**2 + x0 + x1 + x2)**2 + 0.386216057063886*exp(-x1**2 + exp(sqrt(exp(sin(x1*exp(x0)))))) + 0.386216057063886*exp(exp(sin(x1 + x2)))*cos((-x2 + exp(sqrt(exp(x0*sin(exp(x0))))))**2) - 1)**2,PySRFunction(X=>-x2 + 10.3372828171316*(-0.386216057063886*x2/(x2 - 0.63944715) - 0.673179122289595*(0.757442803410947*x2 + 1)**2 - 0.386216057063886*(-x0**2 + x0 + x1 + x2)**2 + 0.386216057063886*exp(-x1**2 + exp(sqrt(exp(sin(x1*exp(x0)))))) + 0.386216057063886*exp(exp(sin(x1 + x2)))*cos((-x2 + exp(sqrt(exp(x0*sin(exp(x0))))))**2) - 1)**2),27,35,-x2 + 10.3372828171316*(-0.386216057063886*x2/(x2 - 0.63944715) - 0.673179122289595*(0.757442803410947*x2 + 1)**2 - 0.386216057063886*(-x0**2 + x0 + x1 + x2)**2 + 0.386216057063886*exp(-x1**2 + exp(sqrt(exp(sin(x1*exp(x0)))))) + 0.386216057063886*exp(exp(sin(x1 + x2)))*cos((-x2 + exp(sqrt(exp(x0*sin(exp(x0))))))**2) - 1)**2
62,540151.9,(square((exp(exp(sqrt(exp(sin(exp(x0) * x1)))) - square(x1)) - (square(x2 + 1.3202317) - (exp(exp(sin(exp(x0 * x1) - (sin(x1) - x2)))) * cos(square(exp(sqrt(exp(x0 * sin(exp(x0))))) - x2))))) - (square(((x2 + x1) + -0.33608118) - (square(x0) - x0)) + 2.5892243)) / 0.6485343) - -1.5677625,0.02134228572959538,10.3372828171316*(-0.673179122289595*(0.757442803410947*x2 + 1)**2 - 0.386216057063886*(-x0**2 + x0 + x1 + x2 - 0.33608118)**2 + 0.386216057063886*exp(-x1**2 + exp(sqrt(exp(sin(x1*exp(x0)))))) + 0.386216057063886*exp(exp(sin(x2 + exp(x0*x1) - sin(x1))))*cos((-x2 + exp(sqrt(exp(x0*sin(exp(x0))))))**2) - 1)**2 + 1.5677625,PySRFunction(X=>10.3372828171316*(-0.673179122289595*(0.757442803410947*x2 + 1)**2 - 0.386216057063886*(-x0**2 + x0 + x1 + x2 - 0.33608118)**2 + 0.386216057063886*exp(-x1**2 + exp(sqrt(exp(sin(x1*exp(x0)))))) + 0.386216057063886*exp(exp(sin(x2 + exp(x0*x1) - sin(x1))))*cos((-x2 + exp(sqrt(exp(x0*sin(exp(x0))))))**2) - 1)**2 + 1.5677625),27,36,10.3372828171316*(-0.673179122289595*(0.757442803410947*x2 + 1)**2 - 0.386216057063886*(-x0**2 + x0 + x1 + x2 - 0.33608118)**2 + 0.386216057063886*exp(-x1**2 + exp(sqrt(exp(sin(x1*exp(x0)))))) + 0.386216057063886*exp(exp(sin(x2 + exp(x0*x1) - sin(x1))))*cos((-x2 + exp(sqrt(exp(x0*sin(exp(x0))))))**2) - 1)**2 + 1.5677625
63,531166.56,(square(((x2 / (x2 - 0.63944715)) + 2.5892243) + (square(x2 + (x1 - (square(x0) - x0))) - (exp(exp(sqrt(exp(sin(exp(x0) * x1)))) - square(x1)) - (square(x2 + 1.3202317) - (exp(exp(cos(sin(log(exp(x1 - x2)))))) * cos(square(exp(sqrt(exp(x0 * sin(exp(x0))))) - x2))))))) / 0.6485343) - 2.1940627,0.016774751924784045,10.3372828171316*(0.386216057063886*x2/(x2 - 0.63944715) + 0.673179122289595*(0.757442803410947*x2 + 1)**2 + 0.386216057063886*(-x0**2 + x0 + x1 + x2)**2 - 0.386216057063886*exp(-x1**2 + exp(sqrt(exp(sin(x1*exp(x0)))))) - 0.386216057063886*exp(exp(cos(sin(log(exp(x1 - x2))))))*cos((-x2 + exp(sqrt(exp(x0*sin(exp(x0))))))**2) + 1)**2 - 2.1940627,PySRFunction(X=>10.3372828171316*(0.386216057063886*x2/(x2 - 0.63944715) + 0.673179122289595*(0.757442803410947*x2 + 1)**2 + 0.386216057063886*(-x0**2 + x0 + x1 + x2)**2 - 0.386216057063886*exp(-x1**2 + exp(sqrt(exp(sin(x1*exp(x0)))))) - 0.386216057063886*exp(exp(cos(sin(log(exp(x1 - x2))))))*cos((-x2 + exp(sqrt(exp(x0*sin(exp(x0))))))**2) + 1)**2 - 2.1940627),27,37,10.3372828171316*(0.386216057063886*x2/(x2 - 0.63944715) + 0.673179122289595*(0.757442803410947*x2 + 1)**2 + 0.386216057063886*(-x0**2 + x0 + x1 + x2)**2 - 0.386216057063886*exp(-x1**2 + exp(sqrt(exp(sin(x1*exp(x0)))))) - 0.386216057063886*exp(exp(cos(sin(log(exp(x1 - x2))))))*cos((-x2 + exp(sqrt(exp(x0*sin(exp(x0))))))**2) + 1)**2 - 2.1940627
65,518054.06,(square((exp(exp(sqrt(exp(sin(exp(x0) * x1)))) - square(x1)) - (square(x2 + 1.3202317) - (exp(exp(cos(sin(log(exp((x1 * x1) - x2)))))) * cos(square(exp(sqrt(exp(x0 * sin(exp(x0))))) - x2))))) - (((x2 / (x2 - 0.63944715)) + 2.5892243) + square(x2 + (x1 - (square(x0) - x0))))) / 0.6485343) - x0,0.01249802231251666,-x0 + 10.3372828171316*(-0.386216057063886*x2/(x2 - 0.63944715) - 0.673179122289595*(0.757442803410947*x2 + 1)**2 - 0.386216057063886*(-x0**2 + x0 + x1 + x2)**2 + 0.386216057063886*exp(-x1**2 + exp(sqrt(exp(sin(x1*exp(x0)))))) + 0.386216057063886*exp(exp(cos(sin(log(exp(x1**2 - x2))))))*cos((-x2 + exp(sqrt(exp(x0*sin(exp(x0))))))**2) - 1)**2,PySRFunction(X=>-x0 + 10.3372828171316*(-0.386216057063886*x2/(x2 - 0.63944715) - 0.673179122289595*(0.757442803410947*x2 + 1)**2 - 0.386216057063886*(-x0**2 + x0 + x1 + x2)**2 + 0.386216057063886*exp(-x1**2 + exp(sqrt(exp(sin(x1*exp(x0)))))) + 0.386216057063886*exp(exp(cos(sin(log(exp(x1**2 - x2))))))*cos((-x2 + exp(sqrt(exp(x0*sin(exp(x0))))))**2) - 1)**2),27,38,-x0 + 10.3372828171316*(-0.386216057063886*x2/(x2 - 0.63944715) - 0.673179122289595*(0.757442803410947*x2 + 1)**2 - 0.386216057063886*(-x0**2 + x0 + x1 + x2)**2 + 0.386216057063886*exp(-x1**2 + exp(sqrt(exp(sin(x1*exp(x0)))))) + 0.386216057063886*exp(exp(cos(sin(log(exp(x1**2 - x2))))))*cos((-x2 + exp(sqrt(exp(x0*sin(exp(x0))))))**2) - 1)**2
67,517882.12,((square((exp(exp(sqrt(exp(sin(exp(x0) * x1)))) - square(x1)) - (square(x2 + 1.3202317) - (exp(exp(cos(sin(log(exp((x1 * x1) - x2)))))) * cos(square(exp(sqrt(exp(x0 * sin(exp(x0))))) - x2))))) - (((x2 / (x2 - 0.63944715)) + 2.5892243) + square((x2 + x1) - (square(x0) - x0)))) / 0.6485343) - x0) - x1,0.00016597547696310409,-x0 - x1 + 10.3372828171316*(-0.386216057063886*x2/(x2 - 0.63944715) - 0.673179122289595*(0.757442803410947*x2 + 1)**2 - 0.386216057063886*(-x0**2 + x0 + x1 + x2)**2 + 0.386216057063886*exp(-x1**2 + exp(sqrt(exp(sin(x1*exp(x0)))))) + 0.386216057063886*exp(exp(cos(sin(log(exp(x1**2 - x2))))))*cos((-x2 + exp(sqrt(exp(x0*sin(exp(x0))))))**2) - 1)**2,PySRFunction(X=>-x0 - x1 + 10.3372828171316*(-0.386216057063886*x2/(x2 - 0.63944715) - 0.673179122289595*(0.757442803410947*x2 + 1)**2 - 0.386216057063886*(-x0**2 + x0 + x1 + x2)**2 + 0.386216057063886*exp(-x1**2 + exp(sqrt(exp(sin(x1*exp(x0)))))) + 0.386216057063886*exp(exp(cos(sin(log(exp(x1**2 - x2))))))*cos((-x2 + exp(sqrt(exp(x0*sin(exp(x0))))))**2) - 1)**2),27,39,-x0 - x1 + 10.3372828171316*(-0.386216057063886*x2/(x2 - 0.63944715) - 0.673179122289595*(0.757442803410947*x2 + 1)**2 - 0.386216057063886*(-x0**2 + x0 + x1 + x2)**2 + 0.386216057063886*exp(-x1**2 + exp(sqrt(exp(sin(x1*exp(x0)))))) + 0.386216057063886*exp(exp(cos(sin(log(exp(x1**2 - x2))))))*cos((-x2 + exp(sqrt(exp(x0*sin(exp(x0))))))**2) - 1)**2
68,493966.62,(square((exp(exp(sqrt(exp(sin(exp(x0) * x1)))) - square(x1)) - (square(x2 + 1.3202317) - (exp(exp(sin(exp(x0 * x1) - (sin(x1) - x2)))) * cos(square(exp(sqrt(exp(x0 * sin(exp(x0))))) - x2))))) - (((x2 / (x2 - 0.63944715)) + square(((x2 + x1) + -0.33608118) - (square(x0) - x0))) + 2.5892243)) / 0.6485343) - -1.5677625,0.047279704739780215,10.3372828171316*(-0.386216057063886*x2/(x2 - 0.63944715) - 0.673179122289595*(0.757442803410947*x2 + 1)**2 - 0.386216057063886*(-x0**2 + x0 + x1 + x2 - 0.33608118)**2 + 0.386216057063886*exp(-x1**2 + exp(sqrt(exp(sin(x1*exp(x0)))))) + 0.386216057063886*exp(exp(sin(x2 + exp(x0*x1) - sin(x1))))*cos((-x2 + exp(sqrt(exp(x0*sin(exp(x0))))))**2) - 1)**2 + 1.5677625,PySRFunction(X=>10.3372828171316*(-0.386216057063886*x2/(x2 - 0.63944715) - 0.673179122289595*(0.757442803410947*x2 + 1)**2 - 0.386216057063886*(-x0**2 + x0 + x1 + x2 - 0.33608118)**2 + 0.386216057063886*exp(-x1**2 + exp(sqrt(exp(sin(x1*exp(x0)))))) + 0.386216057063886*exp(exp(sin(x2 + exp(x0*x1) - sin(x1))))*cos((-x2 + exp(sqrt(exp(x0*sin(exp(x0))))))**2) - 1)**2 + 1.5677625),27,40,10.3372828171316*(-0.386216057063886*x2/(x2 - 0.63944715) - 0.673179122289595*(0.757442803410947*x2 + 1)**2 - 0.386216057063886*(-x0**2 + x0 + x1 + x2 - 0.33608118)**2 + 0.386216057063886*exp(-x1**2 + exp(sqrt(exp(sin(x1*exp(x0)))))) + 0.386216057063886*exp(exp(sin(x2 + exp(x0*x1) - sin(x1))))*cos((-x2 + exp(sqrt(exp(x0*sin(exp(x0))))))**2) - 1)**2 + 1.5677625
69,470885.25,(x2 + (square((exp(exp(sqrt(exp(sin(exp(x0) * x1)))) - square(x1)) - (square(1.3202317 + x2) - (exp(exp(sin(exp(x0 * x1) - (x1 - x2)))) * cos(square(exp(sqrt(exp(x0 * sin(exp(x0))))) - x2))))) - (((x2 / (x2 - -0.45894423)) + square((x1 + x2) - (square(x0) - x0))) + 2.5892243)) / 0.6485343)) - (0.47958383 + x0),0.04785351029428725,-x0 + x2 + 10.3372828171316*(-0.386216057063886*x2/(x2 + 0.45894423) - 0.673179122289595*(0.757442803410947*x2 + 1)**2 - 0.386216057063886*(-x0**2 + x0 + x1 + x2)**2 + 0.386216057063886*exp(-x1**2 + exp(sqrt(exp(sin(x1*exp(x0)))))) + 0.386216057063886*exp(exp(sin(-x1 + x2 + exp(x0*x1))))*cos((-x2 + exp(sqrt(exp(x0*sin(exp(x0))))))**2) - 1)**2 - 0.47958383,PySRFunction(X=>-x0 + x2 + 10.3372828171316*(-0.386216057063886*x2/(x2 + 0.45894423) - 0.673179122289595*(0.757442803410947*x2 + 1)**2 - 0.386216057063886*(-x0**2 + x0 + x1 + x2)**2 + 0.386216057063886*exp(-x1**2 + exp(sqrt(exp(sin(x1*exp(x0)))))) + 0.386216057063886*exp(exp(sin(-x1 + x2 + exp(x0*x1))))*cos((-x2 + exp(sqrt(exp(x0*sin(exp(x0))))))**2) - 1)**2 - 0.47958383),27,41,-x0 + x2 + 10.3372828171316*(-0.386216057063886*x2/(x2 + 0.45894423) - 0.673179122289595*(0.757442803410947*x2 + 1)**2 - 0.386216057063886*(-x0**2 + x0 + x1 + x2)**2 + 0.386216057063886*exp(-x1**2 + exp(sqrt(exp(sin(x1*exp(x0)))))) + 0.386216057063886*exp(exp(sin(-x1 + x2 + exp(x0*x1))))*cos((-x2 + exp(sqrt(exp(x0*sin(exp(x0))))))**2) - 1)**2 - 0.47958383
71,445722.03,((x2 + square(((exp(exp(sqrt(exp(sin(x1 * exp(x0))))) - square(x1)) - (square((x2 + 0.8448345) + x2) - (cos(square(exp(sqrt(exp(x0 * sin(exp(x0))))) - x2)) * exp(exp(sin(exp(x0 * x1) - (x1 - sin(x2)))))))) - (square(x1 + (x2 - (square(x0) - x0))) + (x2 / sin(x2 - -0.45894423)))) + x0)) / 0.6485343) - 0.36217475,0.027459463581574414,1.54193849114843*x2 + 1.54193849114843*(x0 - x2/sin(x2 + 0.45894423) - 4*(x2 + 0.42241725)**2 - (-x0**2 + x0 + x1 + x2)**2 + exp(-x1**2 + exp(sqrt(exp(sin(x1*exp(x0)))))) + exp(exp(sin(-x1 + exp(x0*x1) + sin(x2))))*cos((-x2 + exp(sqrt(exp(x0*sin(exp(x0))))))**2))**2 - 0.36217475,PySRFunction(X=>1.54193849114843*x2 + 1.54193849114843*(x0 - x2/sin(x2 + 0.45894423) - 4*(x2 + 0.42241725)**2 - (-x0**2 + x0 + x1 + x2)**2 + exp(-x1**2 + exp(sqrt(exp(sin(x1*exp(x0)))))) + exp(exp(sin(-x1 + exp(x0*x1) + sin(x2))))*cos((-x2 + exp(sqrt(exp(x0*sin(exp(x0))))))**2))**2 - 0.36217475),27,42,1.54193849114843*x2 + 1.54193849114843*(x0 - x2/sin(x2 + 0.45894423) - 4*(x2 + 0.42241725)**2 - (-x0**2 + x0 + x1 + x2)**2 + exp(-x1**2 + exp(sqrt(exp(sin(x1*exp(x0)))))) + exp(exp(sin(-x1 + exp(x0*x1) + sin(x2))))*cos((-x2 + exp(sqrt(exp(x0*sin(exp(x0))))))**2))**2 - 0.36217475
73,444829.94,(((x2 + square((exp(exp(sqrt(exp(sin(exp(x0) * x1)))) - square(x1)) - (square((x2 + 0.8448345) + x2) - (cos(square(x2 - exp(sqrt(exp(x0 * sin(exp(x0))))))) * exp(exp(sin(exp(x0 * x1) - (x1 - sin(x2)))))))) - (x0 + ((x2 / (sin(x2) - -0.45894423)) + square((x2 - (square(x0) - x0)) + x1))))) / 0.6485343) - x2) + 1.5903755,0.0010017273875566849,0.541938491148425*x2 + 1.54193849114843*(-x0 - x2/(sin(x2) + 0.45894423) - 4*(x2 + 0.42241725)**2 - (-x0**2 + x0 + x1 + x2)**2 + exp(-x1**2 + exp(sqrt(exp(sin(x1*exp(x0)))))) + exp(exp(sin(-x1 + exp(x0*x1) + sin(x2))))*cos((x2 - exp(sqrt(exp(x0*sin(exp(x0))))))**2))**2 + 1.5903755,PySRFunction(X=>0.541938491148425*x2 + 1.54193849114843*(-x0 - x2/(sin(x2) + 0.45894423) - 4*(x2 + 0.42241725)**2 - (-x0**2 + x0 + x1 + x2)**2 + exp(-x1**2 + exp(sqrt(exp(sin(x1*exp(x0)))))) + exp(exp(sin(-x1 + exp(x0*x1) + sin(x2))))*cos((x2 - exp(sqrt(exp(x0*sin(exp(x0))))))**2))**2 + 1.5903755),27,43,0.541938491148425*x2 + 1.54193849114843*(-x0 - x2/(sin(x2) + 0.45894423) - 4*(x2 + 0.42241725)**2 - (-x0**2 + x0 + x1 + x2)**2 + exp(-x1**2 + exp(sqrt(exp(sin(x1*exp(x0)))))) + exp(exp(sin(-x1 + exp(x0*x1) + sin(x2))))*cos((x2 - exp(sqrt(exp(x0*sin(exp(x0))))))**2))**2 + 1.5903755
75,437319.6,(((x2 + square((exp(exp(sqrt(exp(sin(exp(x0) * x1)))) - square(x1)) - (square((x2 + 0.8448345) + x2) - (cos(square(x2 - exp(sqrt(exp(x0 * sin(exp(x0))))))) * exp(exp(sin(exp(x0 * x1) - (x1 - sin(x2)))))))) - ((x2 / (sin(x2) - -0.45894423)) + square(x1 + (x2 - (square(x0) - x0)))))) / 0.6485343) - (x2 + (0.47958383 + 0.0570843))) - -1.0537074,0.008513886959162303,0.541938491148425*x2 + 1.54193849114843*(-x2/(sin(x2) + 0.45894423) - 4*(x2 + 0.42241725)**2 - (-x0**2 + x0 + x1 + x2)**2 + exp(-x1**2 + exp(sqrt(exp(sin(x1*exp(x0)))))) + exp(exp(sin(-x1 + exp(x0*x1) + sin(x2))))*cos((x2 - exp(sqrt(exp(x0*sin(exp(x0))))))**2))**2 + 0.51703927,PySRFunction(X=>0.541938491148425*x2 + 1.54193849114843*(-x2/(sin(x2) + 0.45894423) - 4*(x2 + 0.42241725)**2 - (-x0**2 + x0 + x1 + x2)**2 + exp(-x1**2 + exp(sqrt(exp(sin(x1*exp(x0)))))) + exp(exp(sin(-x1 + exp(x0*x1) + sin(x2))))*cos((x2 - exp(sqrt(exp(x0*sin(exp(x0))))))**2))**2 + 0.51703927),27,44,0.541938491148425*x2 + 1.54193849114843*(-x2/(sin(x2) + 0.45894423) - 4*(x2 + 0.42241725)**2 - (-x0**2 + x0 + x1 + x2)**2 + exp(-x1**2 + exp(sqrt(exp(sin(x1*exp(x0)))))) + exp(exp(sin(-x1 + exp(x0*x1) + sin(x2))))*cos((x2 - exp(sqrt(exp(x0*sin(exp(x0))))))**2))**2 + 0.51703927
78,433421.03,(((x2 + square((exp(exp(sqrt(exp(sin(exp(x0) * x1)))) - square(x1)) - (square((x2 + 0.8448345) + x2) - (cos(square(exp(sqrt(exp(x0 * sin(exp(x0))))) - x2)) * exp(exp(sin(exp(x0 * x1) - (x1 - sin(x2)))))))) - (((x2 / (sin(x2) - -0.45894423)) + square(x1 + (x2 - (square(x0) - x0)))) + cos(x0)))) / 0.6485343) - (x2 + 0.47958383)) + (0.0570843 - 0.36217475),0.0029848888915616385,0.541938491148425*x2 + 1.54193849114843*(-x2/(sin(x2) + 0.45894423) - 4*(x2 + 0.42241725)**2 - (-x0**2 + x0 + x1 + x2)**2 + exp(-x1**2 + exp(sqrt(exp(sin(x1*exp(x0)))))) + exp(exp(sin(-x1 + exp(x0*x1) + sin(x2))))*cos((-x2 + exp(sqrt(exp(x0*sin(exp(x0))))))**2) - cos(x0))**2 - 0.78467428,PySRFunction(X=>0.541938491148425*x2 + 1.54193849114843*(-x2/(sin(x2) + 0.45894423) - 4*(x2 + 0.42241725)**2 - (-x0**2 + x0 + x1 + x2)**2 + exp(-x1**2 + exp(sqrt(exp(sin(x1*exp(x0)))))) + exp(exp(sin(-x1 + exp(x0*x1) + sin(x2))))*cos((-x2 + exp(sqrt(exp(x0*sin(exp(x0))))))**2) - cos(x0))**2 - 0.78467428),27,45,0.541938491148425*x2 + 1.54193849114843*(-x2/(sin(x2) + 0.45894423) - 4*(x2 + 0.42241725)**2 - (-x0**2 + x0 + x1 + x2)**2 + exp(-x1**2 + exp(sqrt(exp(sin(x1*exp(x0)))))) + exp(exp(sin(-x1 + exp(x0*x1) + sin(x2))))*cos((-x2 + exp(sqrt(exp(x0*sin(exp(x0))))))**2) - cos(x0))**2 - 0.78467428
105,428167.78,(square(exp(exp(sqrt(exp(sin(exp(x0) * x1)))) - square(x1)) + ((x0 - (square(x2 + 1.3202317) - ((sqrt(exp(exp(x1 * sin(x0)))) + exp(exp(sin(exp(x0) * x1)) - square((x2 + (cos(exp(exp(sin(exp(sin(exp(exp(x1 * x2)))) - exp(square(x0)))))) + 0.039037123)) - square(0.79466873)))) * cos(square(exp(sqrt(exp(sin(exp(x1)) * x0))) - x2))))) + (-0.42021704 - ((((x2 / (x2 - 0.63944715)) + square((square(x0) - x0) - ((x2 + 0.039037123) + x1))) + (x2 * x2)) + 2.5892243)))) / 0.6485343) - (1.4076275 - x2),0.00045164752285727316,x2 + 13.9649316603624*(0.332287586638921*x0 - 0.332287586638921*x2**2 - 0.332287586638921*x2/(x2 - 0.63944715) - 0.579181165127774*(0.757442803410947*x2 + 1)**2 + 0.332287586638921*(exp(-(x2 + cos(exp(exp(-sin(exp(x0**2) - exp(sin(exp(exp(x1*x2)))))))) - 0.592461267439813)**2 + exp(sin(x1*exp(x0)))) + sqrt(exp(exp(x1*sin(x0)))))*cos((-x2 + exp(sqrt(exp(x0*sin(exp(x1))))))**2) - 0.332287586638921*(x0**2 - x0 - x1 - x2 - 0.039037123)**2 + 0.332287586638921*exp(-x1**2 + exp(sqrt(exp(sin(x1*exp(x0)))))) - 1)**2 - 1.4076275,PySRFunction(X=>x2 + 13.9649316603624*(0.332287586638921*x0 - 0.332287586638921*x2**2 - 0.332287586638921*x2/(x2 - 0.63944715) - 0.579181165127774*(0.757442803410947*x2 + 1)**2 + 0.332287586638921*(exp(-(x2 + cos(exp(exp(-sin(exp(x0**2) - exp(sin(exp(exp(x1*x2)))))))) - 0.592461267439813)**2 + exp(sin(x1*exp(x0)))) + sqrt(exp(exp(x1*sin(x0)))))*cos((-x2 + exp(sqrt(exp(x0*sin(exp(x1))))))**2) - 0.332287586638921*(x0**2 - x0 - x1 - x2 - 0.039037123)**2 + 0.332287586638921*exp(-x1**2 + exp(sqrt(exp(sin(x1*exp(x0)))))) - 1)**2 - 1.4076275),27,46,x2 + 13.9649316603624*(0.332287586638921*x0 - 0.332287586638921*x2**2 - 0.332287586638921*x2/(x2 - 0.63944715) - 0.579181165127774*(0.757442803410947*x2 + 1)**2 + 0.332287586638921*(exp(-(x2 + cos(exp(exp(-sin(exp(x0**2) - exp(sin(exp(exp(x1*x2)))))))) - 0.592461267439813)**2 + exp(sin(x1*exp(x0)))) + sqrt(exp(exp(x1*sin(x0)))))*cos((-x2 + exp(sqrt(exp(x0*sin(exp(x1))))))**2) - 0.332287586638921*(x0**2 - x0 - x1 - x2 - 0.039037123)**2 + 0.332287586638921*exp(-x1**2 + exp(sqrt(exp(sin(x1*exp(x0)))))) - 1)**2 - 1.4076275
109,421585.0,(square(((exp(exp(sqrt(exp(sin(exp(x0) * x1)))) - square(x1)) + ((x0 - (square(x2 + 1.3202317) - ((sqrt(exp(square(x0))) + exp(exp(sin(exp(x0 * x1))) - square(square(x2 + (cos(exp(-0.038211044 + exp(sin(exp(sin(exp(exp(x2 * x1)))) - exp(square(x0)))))) - x0))))) * cos(square(exp(sqrt(exp(sin(exp(x1)) * x0))) - x2))))) + ((x1 * square(x0)) - x0))) + -0.42021704) - (((square((square(x0) - x0) - ((x2 + 0.039037123) + x1)) + (x2 / (x2 - 0.63944715))) + (x2 * x2)) + 2.5892243)) / 0.6485343) - (1.4076275 - x2),0.0038734275663540245,x2 + 13.9649316603624*(0.332287586638921*x0**2*x1 - 0.332287586638921*x2**2 - 0.332287586638921*x2/(x2 - 0.63944715) - 0.579181165127774*(0.757442803410947*x2 + 1)**2 + 0.332287586638921*(sqrt(exp(x0**2)) + exp(-(-x0 + x2 + cos(0.962509787539204*exp(exp(-sin(exp(x0**2) - exp(sin(exp(exp(x1*x2)))))))))**4 + exp(sin(exp(x0*x1)))))*cos((-x2 + exp(sqrt(exp(x0*sin(exp(x1))))))**2) - 0.332287586638921*(x0**2 - x0 - x1 - x2 - 0.039037123)**2 + 0.332287586638921*exp(-x1**2 + exp(sqrt(exp(sin(x1*exp(x0)))))) - 1)**2 - 1.4076275,PySRFunction(X=>x2 + 13.9649316603624*(0.332287586638921*x0**2*x1 - 0.332287586638921*x2**2 - 0.332287586638921*x2/(x2 - 0.63944715) - 0.579181165127774*(0.757442803410947*x2 + 1)**2 + 0.332287586638921*(sqrt(exp(x0**2)) + exp(-(-x0 + x2 + cos(0.962509787539204*exp(exp(-sin(exp(x0**2) - exp(sin(exp(exp(x1*x2)))))))))**4 + exp(sin(exp(x0*x1)))))*cos((-x2 + exp(sqrt(exp(x0*sin(exp(x1))))))**2) - 0.332287586638921*(x0**2 - x0 - x1 - x2 - 0.039037123)**2 + 0.332287586638921*exp(-x1**2 + exp(sqrt(exp(sin(x1*exp(x0)))))) - 1)**2 - 1.4076275),27,47,x2 + 13.9649316603624*(0.332287586638921*x0**2*x1 - 0.332287586638921*x2**2 - 0.332287586638921*x2/(x2 - 0.63944715) - 0.579181165127774*(0.757442803410947*x2 + 1)**2 + 0.332287586638921*(sqrt(exp(x0**2)) + exp(-(-x0 + x2 + cos(0.962509787539204*exp(exp(-sin(exp(x0**2) - exp(sin(exp(exp(x1*x2)))))))))**4 + exp(sin(exp(x0*x1)))))*cos((-x2 + exp(sqrt(exp(x0*sin(exp(x1))))))**2) - 0.332287586638921*(x0**2 - x0 - x1 - x2 - 0.039037123)**2 + 0.332287586638921*exp(-x1**2 + exp(sqrt(exp(sin(x1*exp(x0)))))) - 1)**2 - 1.4076275
111,416997.25,(square(((((exp(exp(sqrt(exp(sin(exp(x0) * x1)))) - square(x1)) + (x0 - (square(x2 + 1.3202317) - ((sqrt(exp(exp(x1 * sin(sin(x0))))) + exp(exp(sin(exp(x0 * x1))) - square(square((x2 + cos(exp(exp(sin(exp(sin(exp(exp(x2 * x1)))) - exp(square(x0))))))) - x0)))) * cos(square(exp(sqrt(exp(sin(exp(x1)) * x0))) - x2)))))) + (x1 * square(x0))) - x0) + -0.42021704) - ((square((square(x0) - x0) - (x2 + (0.039037123 + x1))) + ((x2 / (x2 - 0.63944715)) + (x2 * x2))) + 2.5892243)) / 0.6485343) - (1.4076275 - x2),0.005470895396875172,x2 + 13.9649316603624*(0.332287586638921*x0**2*x1 - 0.332287586638921*x2**2 - 0.332287586638921*x2/(x2 - 0.63944715) - 0.579181165127774*(0.757442803410947*x2 + 1)**2 + 0.332287586638921*(exp(-(-x0 + x2 + cos(exp(exp(-sin(exp(x0**2) - exp(sin(exp(exp(x1*x2)))))))))**4 + exp(sin(exp(x0*x1)))) + sqrt(exp(exp(x1*sin(sin(x0))))))*cos((-x2 + exp(sqrt(exp(x0*sin(exp(x1))))))**2) - 0.332287586638921*(x0**2 - x0 - x1 - x2 - 0.039037123)**2 + 0.332287586638921*exp(-x1**2 + exp(sqrt(exp(sin(x1*exp(x0)))))) - 1)**2 - 1.4076275,PySRFunction(X=>x2 + 13.9649316603624*(0.332287586638921*x0**2*x1 - 0.332287586638921*x2**2 - 0.332287586638921*x2/(x2 - 0.63944715) - 0.579181165127774*(0.757442803410947*x2 + 1)**2 + 0.332287586638921*(exp(-(-x0 + x2 + cos(exp(exp(-sin(exp(x0**2) - exp(sin(exp(exp(x1*x2)))))))))**4 + exp(sin(exp(x0*x1)))) + sqrt(exp(exp(x1*sin(sin(x0))))))*cos((-x2 + exp(sqrt(exp(x0*sin(exp(x1))))))**2) - 0.332287586638921*(x0**2 - x0 - x1 - x2 - 0.039037123)**2 + 0.332287586638921*exp(-x1**2 + exp(sqrt(exp(sin(x1*exp(x0)))))) - 1)**2 - 1.4076275),27,48,x2 + 13.9649316603624*(0.332287586638921*x0**2*x1 - 0.332287586638921*x2**2 - 0.332287586638921*x2/(x2 - 0.63944715) - 0.579181165127774*(0.757442803410947*x2 + 1)**2 + 0.332287586638921*(exp(-(-x0 + x2 + cos(exp(exp(-sin(exp(x0**2) - exp(sin(exp(exp(x1*x2)))))))))**4 + exp(sin(exp(x0*x1)))) + sqrt(exp(exp(x1*sin(sin(x0))))))*cos((-x2 + exp(sqrt(exp(x0*sin(exp(x1))))))**2) - 0.332287586638921*(x0**2 - x0 - x1 - x2 - 0.039037123)**2 + 0.332287586638921*exp(-x1**2 + exp(sqrt(exp(sin(x1*exp(x0)))))) - 1)**2 - 1.4076275
112,409098.4,(square(((exp(exp(sqrt(exp(sin(exp(x0) * x1)))) - square(x1)) + ((x0 - (square(x2 + 1.3202317) - ((sqrt(exp(exp(x1 * sin(x0)))) + exp(exp(sin(exp(x0 * x1))) - square(square((x2 + cos(exp(-0.038211044 + exp(sin(exp(sin(exp(exp(x2 * x1)))) - exp(square(x0))))))) - x0)))) * cos(square(exp(sqrt(exp(sin(exp(x1)) * x0))) - x2))))) + ((x1 * square(x0)) - x0))) + -0.42021704) - (((square((square(x0) - x0) - ((x2 + 0.039037123) + x1)) + (x2 / (x2 - 0.63944715))) + (x2 * x2)) + 2.5892243)) / 0.6485343) - (1.4076275 - x2),0.019123913149330117,x2 + 13.9649316603624*(0.332287586638921*x0**2*x1 - 0.332287586638921*x2**2 - 0.332287586638921*x2/(x2 - 0.63944715) - 0.579181165127774*(0.757442803410947*x2 + 1)**2 + 0.332287586638921*(exp(-(-x0 + x2 + cos(0.962509787539204*exp(exp(-sin(exp(x0**2) - exp(sin(exp(exp(x1*x2)))))))))**4 + exp(sin(exp(x0*x1)))) + sqrt(exp(exp(x1*sin(x0)))))*cos((-x2 + exp(sqrt(exp(x0*sin(exp(x1))))))**2) - 0.332287586638921*(x0**2 - x0 - x1 - x2 - 0.039037123)**2 + 0.332287586638921*exp(-x1**2 + exp(sqrt(exp(sin(x1*exp(x0)))))) - 1)**2 - 1.4076275,PySRFunction(X=>x2 + 13.9649316603624*(0.332287586638921*x0**2*x1 - 0.332287586638921*x2**2 - 0.332287586638921*x2/(x2 - 0.63944715) - 0.579181165127774*(0.757442803410947*x2 + 1)**2 + 0.332287586638921*(exp(-(-x0 + x2 + cos(0.962509787539204*exp(exp(-sin(exp(x0**2) - exp(sin(exp(exp(x1*x2)))))))))**4 + exp(sin(exp(x0*x1)))) + sqrt(exp(exp(x1*sin(x0)))))*cos((-x2 + exp(sqrt(exp(x0*sin(exp(x1))))))**2) - 0.332287586638921*(x0**2 - x0 - x1 - x2 - 0.039037123)**2 + 0.332287586638921*exp(-x1**2 + exp(sqrt(exp(sin(x1*exp(x0)))))) - 1)**2 - 1.4076275),27,49,x2 + 13.9649316603624*(0.332287586638921*x0**2*x1 - 0.332287586638921*x2**2 - 0.332287586638921*x2/(x2 - 0.63944715) - 0.579181165127774*(0.757442803410947*x2 + 1)**2 + 0.332287586638921*(exp(-(-x0 + x2 + cos(0.962509787539204*exp(exp(-sin(exp(x0**2) - exp(sin(exp(exp(x1*x2)))))))))**4 + exp(sin(exp(x0*x1)))) + sqrt(exp(exp(x1*sin(x0)))))*cos((-x2 + exp(sqrt(exp(x0*sin(exp(x1))))))**2) - 0.332287586638921*(x0**2 - x0 - x1 - x2 - 0.039037123)**2 + 0.332287586638921*exp(-x1**2 + exp(sqrt(exp(sin(x1*exp(x0)))))) - 1)**2 - 1.4076275
119,396989.56,(square(square((x2 - (square(x0) - x0)) + x1) + ((((cos(x0) + 1.9121089) - x1) * 1.493752) - (((log(cos(x1)) - x1) - (((-0.5570753 - (exp(exp(sin(exp(x1 * x0)) - square(square((x2 - x0) + cos(exp((cos(x2) * sin((exp(exp((x0 * exp(sin(x0))) - square(sin(sin(cos(x2)))))) + exp((-0.8453172 - x0) * square(-0.82144755))) - x2)) + 0.9625098)))))) + sqrt(exp(exp(square(cos(square((x2 + -1.1201177) / 3.3904028)))))))) * cos(square(x2 - exp(sqrt(exp(x1 * sin(exp(x1)))))))) + square(exp(x2)))) + exp(exp(sqrt(exp(sin(x1 * exp(x0))))) - square(x1))))) / 0.6485343) - x1,0.004292247255901759,-x1 + 12.5790920515253*(-0.172869248919894*x1 + 0.350113516339972*(-exp(exp(-(-x0 + x2 + cos(2.61825954178148*exp(sin(-x2 + exp(exp(x0*exp(sin(x0)) - sin(sin(cos(x2)))**2)) + 0.565299373040416*exp(-0.674776077401003*x0))*cos(x2))))**4 + sin(exp(x0*x1)))) - sqrt(exp(exp(cos(0.10915024726247*(0.892763322997217*x2 - 1)**2)**2))) - 0.5570753)*cos((x2 - exp(sqrt(exp(x1*sin(exp(x1))))))**2) + 0.350113516339972*(-x0**2 + x0 + x1 + x2)**2 + 0.350113516339972*exp(2*x2) - 0.350113516339972*exp(-x1**2 + exp(sqrt(exp(sin(x1*exp(x0)))))) - 0.350113516339972*log(cos(x1)) + 0.522982765259866*cos(x0) + 1)**2,PySRFunction(X=>-x1 + 12.5790920515253*(-0.172869248919894*x1 + 0.350113516339972*(-exp(exp(-(-x0 + x2 + cos(2.61825954178148*exp(sin(-x2 + exp(exp(x0*exp(sin(x0)) - sin(sin(cos(x2)))**2)) + 0.565299373040416*exp(-0.674776077401003*x0))*cos(x2))))**4 + sin(exp(x0*x1)))) - sqrt(exp(exp(cos(0.10915024726247*(0.892763322997217*x2 - 1)**2)**2))) - 0.5570753)*cos((x2 - exp(sqrt(exp(x1*sin(exp(x1))))))**2) + 0.350113516339972*(-x0**2 + x0 + x1 + x2)**2 + 0.350113516339972*exp(2*x2) - 0.350113516339972*exp(-x1**2 + exp(sqrt(exp(sin(x1*exp(x0)))))) - 0.350113516339972*log(cos(x1)) + 0.522982765259866*cos(x0) + 1)**2),27,50,-x1 + 12.5790920515253*(-0.172869248919894*x1 + 0.350113516339972*(-exp(exp(-(-x0 + x2 + cos(2.61825954178148*exp(sin(-x2 + exp(exp(x0*exp(sin(x0)) - sin(sin(cos(x2)))**2)) + 0.565299373040416*exp(-0.674776077401003*x0))*cos(x2))))**4 + sin(exp(x0*x1)))) - sqrt(exp(exp(cos(0.10915024726247*(0.892763322997217*x2 - 1)**2)**2))) - 0.5570753)*cos((x2 - exp(sqrt(exp(x1*sin(exp(x1))))))**2) + 0.350113516339972*(-x0**2 + x0 + x1 + x2)**2 + 0.350113516339972*exp(2*x2) - 0.350113516339972*exp(-x1**2 + exp(sqrt(exp(sin(x1*exp(x0)))))) - 0.350113516339972*log(cos(x1)) + 0.522982765259866*cos(x0) + 1)**2
123,390735.53,(square((square((x2 - (square(x0) - x0)) + x1) + (x1 + 4.0154195)) - (((square(((cos(square(x1)) - x2) - 0.30821553) * x0) - 0.30821553) - (square(exp(x2)) + (square(x1) - ((exp(exp(sin(exp(x1 * x0))) - square(square(x0 - (x2 + cos(exp((sin(x2 - (exp(exp(exp(x0 * sin(x0)) - square(sin(sin(cos((x2 * square(x0)) - x1)))))) + square(exp((x1 * 1.9121089) - -0.8453172)))) * square(cos(x2))) + 0.9625098)))))) + exp(sqrt(exp(x1)))) * cos(square(x2 - exp(sqrt(exp(x1 * sin(exp(x1))))))))))) + exp(exp(sqrt(exp(sin(x1 * exp(x0))))) - square(x1)))) / 0.6485343) - (x0 * 2.1280274),0.003969761461563101,-2.1280274*x0 + 28.8247204082238*(-0.231286866967585*x0**2*(-x2 + cos(x1**2) - 0.30821553)**2 + 0.231286866967585*x1**2 + 0.231286866967585*x1 - 0.231286866967585*(exp(-(x0 - x2 - cos(2.61825954178148*exp(-sin(-x2 + 5.4229199144924*exp(3.8242178*x1) + exp(exp(exp(x0*sin(x0)) - sin(sin(cos(x0**2*x2 - x1)))**2)))*cos(x2)**2)))**4 + exp(sin(exp(x0*x1)))) + exp(sqrt(exp(x1))))*cos((x2 - exp(sqrt(exp(x1*sin(exp(x1))))))**2) + 0.231286866967585*(-x0**2 + x0 + x1 + x2)**2 + 0.231286866967585*exp(2*x2) - 0.231286866967585*exp(-x1**2 + exp(sqrt(exp(sin(x1*exp(x0)))))) + 1)**2,PySRFunction(X=>-2.1280274*x0 + 28.8247204082238*(-0.231286866967585*x0**2*(-x2 + cos(x1**2) - 0.30821553)**2 + 0.231286866967585*x1**2 + 0.231286866967585*x1 - 0.231286866967585*(exp(-(x0 - x2 - cos(2.61825954178148*exp(-sin(-x2 + 5.4229199144924*exp(3.8242178*x1) + exp(exp(exp(x0*sin(x0)) - sin(sin(cos(x0**2*x2 - x1)))**2)))*cos(x2)**2)))**4 + exp(sin(exp(x0*x1)))) + exp(sqrt(exp(x1))))*cos((x2 - exp(sqrt(exp(x1*sin(exp(x1))))))**2) + 0.231286866967585*(-x0**2 + x0 + x1 + x2)**2 + 0.231286866967585*exp(2*x2) - 0.231286866967585*exp(-x1**2 + exp(sqrt(exp(sin(x1*exp(x0)))))) + 1)**2),27,51,-2.1280274*x0 + 28.8247204082238*(-0.231286866967585*x0**2*(-x2 + cos(x1**2) - 0.30821553)**2 + 0.231286866967585*x1**2 + 0.231286866967585*x1 - 0.231286866967585*(exp(-(x0 - x2 - cos(2.61825954178148*exp(-sin(-x2 + 5.4229199144924*exp(3.8242178*x1) + exp(exp(exp(x0*sin(x0)) - sin(sin(cos(x0**2*x2 - x1)))**2)))*cos(x2)**2)))**4 + exp(sin(exp(x0*x1)))) + exp(sqrt(exp(x1))))*cos((x2 - exp(sqrt(exp(x1*sin(exp(x1))))))**2) + 0.231286866967585*(-x0**2 + x0 + x1 + x2)**2 + 0.231286866967585*exp(2*x2) - 0.231286866967585*exp(-x1**2 + exp(sqrt(exp(sin(x1*exp(x0)))))) + 1)**2
129,390632.66,(square((square((x2 - (square(x0) - x0)) + x1) + (x1 + 4.0154195)) - (((square(((cos(square(x1)) - x2) - 0.30821553) * x0) - 0.30821553) - (square(exp(x2)) + (square(x1) - ((exp(exp(sin(exp(x1 * x0))) - square(square(x0 - (x2 + cos(exp((sin(x2 - (exp(exp(exp(x0 * sin(x0)) - square(sin(sin(cos((x2 * square(x0)) - x1)))))) + square(exp((x1 * 1.9121089) - -0.8453172)))) * square(cos(x2))) + 0.9625098)))))) + exp(sqrt(exp(x1)))) * cos(square(x2 - exp(sqrt(exp(x1 * sin(exp(x1))))))))))) + exp(exp(sqrt(exp(sin(x1 * exp(x0))))) - square(x1)))) / 0.6485343) - (exp(x0 * x1) + (sin(x1) - x2)),4.38845612567571e-05,x2 + 28.8247204082238*(-0.231286866967585*x0**2*(-x2 + cos(x1**2) - 0.30821553)**2 + 0.231286866967585*x1**2 + 0.231286866967585*x1 - 0.231286866967585*(exp(-(x0 - x2 - cos(2.61825954178148*exp(-sin(-x2 + 5.4229199144924*exp(3.8242178*x1) + exp(exp(exp(x0*sin(x0)) - sin(sin(cos(x0**2*x2 - x1)))**2)))*cos(x2)**2)))**4 + exp(sin(exp(x0*x1)))) + exp(sqrt(exp(x1))))*cos((x2 - exp(sqrt(exp(x1*sin(exp(x1))))))**2) + 0.231286866967585*(-x0**2 + x0 + x1 + x2)**2 + 0.231286866967585*exp(2*x2) - 0.231286866967585*exp(-x1**2 + exp(sqrt(exp(sin(x1*exp(x0)))))) + 1)**2 - exp(x0*x1) - sin(x1),PySRFunction(X=>x2 + 28.8247204082238*(-0.231286866967585*x0**2*(-x2 + cos(x1**2) - 0.30821553)**2 + 0.231286866967585*x1**2 + 0.231286866967585*x1 - 0.231286866967585*(exp(-(x0 - x2 - cos(2.61825954178148*exp(-sin(-x2 + 5.4229199144924*exp(3.8242178*x1) + exp(exp(exp(x0*sin(x0)) - sin(sin(cos(x0**2*x2 - x1)))**2)))*cos(x2)**2)))**4 + exp(sin(exp(x0*x1)))) + exp(sqrt(exp(x1))))*cos((x2 - exp(sqrt(exp(x1*sin(exp(x1))))))**2) + 0.231286866967585*(-x0**2 + x0 + x1 + x2)**2 + 0.231286866967585*exp(2*x2) - 0.231286866967585*exp(-x1**2 + exp(sqrt(exp(sin(x1*exp(x0)))))) + 1)**2 - exp(x0*x1) - sin(x1)),27,52,x2 + 28.8247204082238*(-0.231286866967585*x0**2*(-x2 + cos(x1**2) - 0.30821553)**2 + 0.231286866967585*x1**2 + 0.231286866967585*x1 - 0.231286866967585*(exp(-(x0 - x2 - cos(2.61825954178148*exp(-sin(-x2 + 5.4229199144924*exp(3.8242178*x1) + exp(exp(exp(x0*sin(x0)) - sin(sin(cos(x0**2*x2 - x1)))**2)))*cos(x2)**2)))**4 + exp(sin(exp(x0*x1)))) + exp(sqrt(exp(x1))))*cos((x2 - exp(sqrt(exp(x1*sin(exp(x1))))))**2) + 0.231286866967585*(-x0**2 + x0 + x1 + x2)**2 + 0.231286866967585*exp(2*x2) - 0.231286866967585*exp(-x1**2 + exp(sqrt(exp(sin(x1*exp(x0)))))) + 1)**2 - exp(x0*x1) - sin(x1)
130,376069.34,(square((exp(exp(sqrt(exp(sin(x1 * exp(x0))))) - square(x1)) + ((square(x0 - (cos(square(x1 * x0)) - x1)) + -2.1911256) + ((x2 - (square(0.8055625 + exp(x2)) - (cos(square(exp(sqrt(exp(x1 * sin(exp(x1))))) - x2)) * (exp(sqrt(exp(x2 * x0))) + exp(exp(sin((x0 * exp(x1)) - square(square(((0.10756133 - x0) + cos(exp(1.3044953 - (0.9979818 * (cos(sin(exp(exp(square((-0.5085734 - x1) * 0.3760556))) - x2) * exp(exp(x0 * -0.005117432))) + x2))) + x0)) + x2))))))))) + x1))) - square(cos(exp(x1)) - ((x2 + (x1 - 1.147682)) + x0))) / 0.6485343) - sqrt(exp(exp(sin(square(cos((-0.23576185 * x0) - x0))) - -1.678921))),0.03799408861722478,7.40289510512452*(0.456386434442644*x1 + 0.456386434442644*x2 - 0.456386434442644*(exp(x2) + 0.8055625)**2 + 0.456386434442644*(exp(sqrt(exp(x0*x2))) + exp(exp(sin(x0*exp(x1) - (-x0 + x2 + cos(x0 + 3.68582838660836*exp(-0.9979818*x2 - 0.9979818*cos(exp(exp(-0.005117432*x0))*sin(x2 - exp(exp(0.14141781429136*(-x1 - 0.5085734)**2)))))) + 0.10756133)**4))))*cos((-x2 + exp(sqrt(exp(x1*sin(exp(x1))))))**2) + 0.456386434442644*(x0 + x1 - cos(x0**2*x1**2))**2 - 0.601140333134714*(-0.87132149846386*x0 - 0.87132149846386*x1 - 0.87132149846386*x2 + 0.87132149846386*cos(exp(x1)) + 1)**2 + 0.456386434442644*exp(-x1**2 + exp(sqrt(exp(sin(x1*exp(x0)))))) - 1)**2 - sqrt(exp(5.35976965850618*exp(sin(cos(1.23576185*x0)**2)))),PySRFunction(X=>7.40289510512452*(0.456386434442644*x1 + 0.456386434442644*x2 - 0.456386434442644*(exp(x2) + 0.8055625)**2 + 0.456386434442644*(exp(sqrt(exp(x0*x2))) + exp(exp(sin(x0*exp(x1) - (-x0 + x2 + cos(x0 + 3.68582838660836*exp(-0.9979818*x2 - 0.9979818*cos(exp(exp(-0.005117432*x0))*sin(x2 - exp(exp(0.14141781429136*(-x1 - 0.5085734)**2)))))) + 0.10756133)**4))))*cos((-x2 + exp(sqrt(exp(x1*sin(exp(x1))))))**2) + 0.456386434442644*(x0 + x1 - cos(x0**2*x1**2))**2 - 0.601140333134714*(-0.87132149846386*x0 - 0.87132149846386*x1 - 0.87132149846386*x2 + 0.87132149846386*cos(exp(x1)) + 1)**2 + 0.456386434442644*exp(-x1**2 + exp(sqrt(exp(sin(x1*exp(x0)))))) - 1)**2 - sqrt(exp(5.35976965850618*exp(sin(cos(1.23576185*x0)**2))))),27,53,7.40289510512452*(0.456386434442644*x1 + 0.456386434442644*x2 - 0.456386434442644*(exp(x2) + 0.8055625)**2 + 0.456386434442644*(exp(sqrt(exp(x0*x2))) + exp(exp(sin(x0*exp(x1) - (-x0 + x2 + cos(x0 + 3.68582838660836*exp(-0.9979818*x2 - 0.9979818*cos(exp(exp(-0.005117432*x0))*sin(x2 - exp(exp(0.14141781429136*(-x1 - 0.5085734)**2)))))) + 0.10756133)**4))))*cos((-x2 + exp(sqrt(exp(x1*sin(exp(x1))))))**2) + 0.456386434442644*(x0 + x1 - cos(x0**2*x1**2))**2 - 0.601140333134714*(-0.87132149846386*x0 - 0.87132149846386*x1 - 0.87132149846386*x2 + 0.87132149846386*cos(exp(x1)) + 1)**2 + 0.456386434442644*exp(-x1**2 + exp(sqrt(exp(sin(x1*exp(x0)))))) - 1)**2 - sqrt(exp(5.35976965850618*exp(sin(cos(1.23576185*x0)**2))))
132,373844.9,(square((exp(exp(sqrt(exp(sin(x1 * exp(x0))))) - square(x1)) + ((square(x0 - (cos(x1 * square(x0)) - x1)) + -2.1911256) + ((x2 - (square(0.8055625 + exp(x2)) - (cos(square(exp(sqrt(exp(x1 * sin(exp(x1))))) - x2)) * (exp(sqrt(exp(x2 * x0))) + exp(exp(sin((x0 * exp(x1)) - square(square((0.10756133 - x0) + (cos(exp(1.3044953 - ((cos(sin(exp(exp(square((-0.5085734 - x1) * 0.3760556))) - x2) * exp(exp(x0 * -0.005117432))) + x2) * 0.9979818)) + x0) + x2)))))))))) + x1))) - square(cos(exp(x1)) - ((x2 + (x1 - 1.147682)) + x0))) / 0.6485343) - sqrt(exp(exp(sin(square(cos((-0.23576185 * x0) - x0))) - -1.678921) - 0.7156853)),0.002966267881631014,7.40289510512452*(0.456386434442644*x1 + 0.456386434442644*x2 - 0.456386434442644*(exp(x2) + 0.8055625)**2 + 0.456386434442644*(exp(sqrt(exp(x0*x2))) + exp(exp(sin(x0*exp(x1) - (-x0 + x2 + cos(x0 + 3.68582838660836*exp(-0.9979818*x2 - 0.9979818*cos(exp(exp(-0.005117432*x0))*sin(x2 - exp(exp(0.14141781429136*(-x1 - 0.5085734)**2)))))) + 0.10756133)**4))))*cos((-x2 + exp(sqrt(exp(x1*sin(exp(x1))))))**2) + 0.456386434442644*(x0 + x1 - cos(x0**2*x1))**2 - 0.601140333134714*(-0.87132149846386*x0 - 0.87132149846386*x1 - 0.87132149846386*x2 + 0.87132149846386*cos(exp(x1)) + 1)**2 + 0.456386434442644*exp(-x1**2 + exp(sqrt(exp(sin(x1*exp(x0)))))) - 1)**2 - 0.699183082809515*sqrt(exp(5.35976965850618*exp(sin(cos(1.23576185*x0)**2)))),PySRFunction(X=>7.40289510512452*(0.456386434442644*x1 + 0.456386434442644*x2 - 0.456386434442644*(exp(x2) + 0.8055625)**2 + 0.456386434442644*(exp(sqrt(exp(x0*x2))) + exp(exp(sin(x0*exp(x1) - (-x0 + x2 + cos(x0 + 3.68582838660836*exp(-0.9979818*x2 - 0.9979818*cos(exp(exp(-0.005117432*x0))*sin(x2 - exp(exp(0.14141781429136*(-x1 - 0.5085734)**2)))))) + 0.10756133)**4))))*cos((-x2 + exp(sqrt(exp(x1*sin(exp(x1))))))**2) + 0.456386434442644*(x0 + x1 - cos(x0**2*x1))**2 - 0.601140333134714*(-0.87132149846386*x0 - 0.87132149846386*x1 - 0.87132149846386*x2 + 0.87132149846386*cos(exp(x1)) + 1)**2 + 0.456386434442644*exp(-x1**2 + exp(sqrt(exp(sin(x1*exp(x0)))))) - 1)**2 - 0.699183082809515*sqrt(exp(5.35976965850618*exp(sin(cos(1.23576185*x0)**2))))),27,54,7.40289510512452*(0.456386434442644*x1 + 0.456386434442644*x2 - 0.456386434442644*(exp(x2) + 0.8055625)**2 + 0.456386434442644*(exp(sqrt(exp(x0*x2))) + exp(exp(sin(x0*exp(x1) - (-x0 + x2 + cos(x0 + 3.68582838660836*exp(-0.9979818*x2 - 0.9979818*cos(exp(exp(-0.005117432*x0))*sin(x2 - exp(exp(0.14141781429136*(-x1 - 0.5085734)**2)))))) + 0.10756133)**4))))*cos((-x2 + exp(sqrt(exp(x1*sin(exp(x1))))))**2) + 0.456386434442644*(x0 + x1 - cos(x0**2*x1))**2 - 0.601140333134714*(-0.87132149846386*x0 - 0.87132149846386*x1 - 0.87132149846386*x2 + 0.87132149846386*cos(exp(x1)) + 1)**2 + 0.456386434442644*exp(-x1**2 + exp(sqrt(exp(sin(x1*exp(x0)))))) - 1)**2 - 0.699183082809515*sqrt(exp(5.35976965850618*exp(sin(cos(1.23576185*x0)**2))))
136,359856.88,(((x2 + -1.0839026) + (square((exp(exp(sqrt(exp(sin(exp(x0) * x1)))) - square(x1)) + ((x2 + (x2 - (square(exp(x2) + 0.8055625) - ((exp(exp(sin(exp(x0 * x1)) - square(square((cos(exp(1.3044953 - (cos(exp(exp(x0 * -0.08732333)) * sin(exp(exp(square(sin((-0.5085734 - x1) * 0.38553572)))) - x2)) + (x2 * 0.9979818))) + x0) + x2) + (0.10756133 - x0))))) + exp(sqrt(exp(x1 * x0)))) * cos(square(exp(sqrt(exp(x1 * sin(exp(x1))))) - x2)))))) - (square(((x1 - 1.147682) + x0) + (x2 - (cos(exp(x1 * x0)) * 0.86006075))) + (1.2338474 * 1.124676)))) + 1.3020023) / 0.6485343)) + -1.0617921) - sqrt(exp(exp((sin(exp(x1) * 0.6485343) - square(x0)) - -1.62935) - -0.6284664)),0.009533652167368505,x2 + 6.1677539645937*(x2 - (exp(x2) + 0.8055625)**2/2 + (exp(sqrt(exp(x0*x1))) + exp(exp(-(-x0 + x2 + cos(x0 + 3.68582838660836*exp(-0.9979818*x2 - cos(exp(exp(-0.08732333*x0))*sin(x2 - exp(exp(sin(0.38553572*x1 + 0.196073211941848)**2)))))) + 0.10756133)**4 + sin(exp(x0*x1)))))*cos((-x2 + exp(sqrt(exp(x1*sin(exp(x1))))))**2)/2 - 0.658586986562*(0.87132149846386*x0 + 0.87132149846386*x1 + 0.87132149846386*x2 - 0.749389421459951*cos(exp(x0*x1)) - 1)**2 + exp(-x1**2 + exp(sqrt(exp(sin(x1*exp(x0))))))/2 - 0.0428381292211999)**2 - 1.36920899885848*sqrt(exp(5.10055827792964*exp(-x0**2 + sin(0.6485343*exp(x1))))) - 2.1456947,PySRFunction(X=>x2 + 6.1677539645937*(x2 - (exp(x2) + 0.8055625)**2/2 + (exp(sqrt(exp(x0*x1))) + exp(exp(-(-x0 + x2 + cos(x0 + 3.68582838660836*exp(-0.9979818*x2 - cos(exp(exp(-0.08732333*x0))*sin(x2 - exp(exp(sin(0.38553572*x1 + 0.196073211941848)**2)))))) + 0.10756133)**4 + sin(exp(x0*x1)))))*cos((-x2 + exp(sqrt(exp(x1*sin(exp(x1))))))**2)/2 - 0.658586986562*(0.87132149846386*x0 + 0.87132149846386*x1 + 0.87132149846386*x2 - 0.749389421459951*cos(exp(x0*x1)) - 1)**2 + exp(-x1**2 + exp(sqrt(exp(sin(x1*exp(x0))))))/2 - 0.0428381292211999)**2 - 1.36920899885848*sqrt(exp(5.10055827792964*exp(-x0**2 + sin(0.6485343*exp(x1))))) - 2.1456947),27,55,x2 + 6.1677539645937*(x2 - (exp(x2) + 0.8055625)**2/2 + (exp(sqrt(exp(x0*x1))) + exp(exp(-(-x0 + x2 + cos(x0 + 3.68582838660836*exp(-0.9979818*x2 - cos(exp(exp(-0.08732333*x0))*sin(x2 - exp(exp(sin(0.38553572*x1 + 0.196073211941848)**2)))))) + 0.10756133)**4 + sin(exp(x0*x1)))))*cos((-x2 + exp(sqrt(exp(x1*sin(exp(x1))))))**2)/2 - 0.658586986562*(0.87132149846386*x0 + 0.87132149846386*x1 + 0.87132149846386*x2 - 0.749389421459951*cos(exp(x0*x1)) - 1)**2 + exp(-x1**2 + exp(sqrt(exp(sin(x1*exp(x0))))))/2 - 0.0428381292211999)**2 - 1.36920899885848*sqrt(exp(5.10055827792964*exp(-x0**2 + sin(0.6485343*exp(x1))))) - 2.1456947
143,359833.28,(square((((x2 - (square(exp(x2) + 0.8055625) - ((exp(exp(sin((x0 * exp(x1)) - square(square((cos(exp(1.3044953 - ((cos(exp(exp(x0 * -0.005117432)) * sin(exp(exp(square((-0.5085734 - x1) * 0.3760556))) - x2)) + x2) * 0.9979818)) + x1) + (0.10756133 + x2)) - x0))))) + exp(sqrt(exp(x2 * x0)))) * cos(square(x2 - exp(sqrt(exp(x1 * sin(exp(x1)))))))))) + (exp(exp(sqrt(exp(sin(exp(x0) * x1)))) - square(x1)) + -0.3561486)) + square((-0.28542525 + x0) - (sin(square(x0 * x1)) - x1))) - (square(((x2 + x1) - 1.147682) + (x0 - (cos(square(square(square(square(cos(exp((square(exp(x0) * x1) * 0.15643485) - 1.6784189)) + 0.58748347) + 7.226036)))) - (x1 * 0.86006075)))) + 1.124676)) / 0.6485343) - (x1 - x0),9.369111209290598e-06,x0 - x1 + 18.4576142026981*(0.289031876696582*x2 - 0.289031876696582*(exp(x2) + 0.8055625)**2 + 0.289031876696582*(exp(sqrt(exp(x0*x2))) + exp(exp(sin(x0*exp(x1) - (-x0 + x2 + cos(x1 + 3.68582838660836*exp(-0.9979818*x2 - 0.9979818*cos(exp(exp(-0.005117432*x0))*sin(x2 - exp(exp(0.14141781429136*(-x1 - 0.5085734)**2)))))) + 0.10756133)**4))))*cos((x2 - exp(sqrt(exp(x1*sin(exp(x1))))))**2) + 0.289031876696582*(x0 + x1 - sin(x0**2*x1**2) - 0.28542525)**2 - (0.537616849342152*x0 + x1 + 0.537616849342152*x2 - 0.537616849342152*cos(7433630.44973349*(0.138388460838003*(cos(0.186668885011778*exp(0.15643485*x1**2*exp(2*x0))) + 0.58748347)**2 + 1)**8) - 0.6170131808867)**2 + 0.289031876696582*exp(-x1**2 + exp(sqrt(exp(sin(x1*exp(x0)))))) - 0.428005513196465)**2,PySRFunction(X=>x0 - x1 + 18.4576142026981*(0.289031876696582*x2 - 0.289031876696582*(exp(x2) + 0.8055625)**2 + 0.289031876696582*(exp(sqrt(exp(x0*x2))) + exp(exp(sin(x0*exp(x1) - (-x0 + x2 + cos(x1 + 3.68582838660836*exp(-0.9979818*x2 - 0.9979818*cos(exp(exp(-0.005117432*x0))*sin(x2 - exp(exp(0.14141781429136*(-x1 - 0.5085734)**2)))))) + 0.10756133)**4))))*cos((x2 - exp(sqrt(exp(x1*sin(exp(x1))))))**2) + 0.289031876696582*(x0 + x1 - sin(x0**2*x1**2) - 0.28542525)**2 - (0.537616849342152*x0 + x1 + 0.537616849342152*x2 - 0.537616849342152*cos(7433630.44973349*(0.138388460838003*(cos(0.186668885011778*exp(0.15643485*x1**2*exp(2*x0))) + 0.58748347)**2 + 1)**8) - 0.6170131808867)**2 + 0.289031876696582*exp(-x1**2 + exp(sqrt(exp(sin(x1*exp(x0)))))) - 0.428005513196465)**2),27,56,x0 - x1 + 18.4576142026981*(0.289031876696582*x2 - 0.289031876696582*(exp(x2) + 0.8055625)**2 + 0.289031876696582*(exp(sqrt(exp(x0*x2))) + exp(exp(sin(x0*exp(x1) - (-x0 + x2 + cos(x1 + 3.68582838660836*exp(-0.9979818*x2 - 0.9979818*cos(exp(exp(-0.005117432*x0))*sin(x2 - exp(exp(0.14141781429136*(-x1 - 0.5085734)**2)))))) + 0.10756133)**4))))*cos((x2 - exp(sqrt(exp(x1*sin(exp(x1))))))**2) + 0.289031876696582*(x0 + x1 - sin(x0**2*x1**2) - 0.28542525)**2 - (0.537616849342152*x0 + x1 + 0.537616849342152*x2 - 0.537616849342152*cos(7433630.44973349*(0.138388460838003*(cos(0.186668885011778*exp(0.15643485*x1**2*exp(2*x0))) + 0.58748347)**2 + 1)**8) - 0.6170131808867)**2 + 0.289031876696582*exp(-x1**2 + exp(sqrt(exp(sin(x1*exp(x0)))))) - 0.428005513196465)**2
146,359641.94,(square((square((x0 - (sin(square(x0 * x1)) - x1)) + -0.28542525) + ((x2 - (square(exp(x2) + 0.8055625) - ((exp(exp(sin((x0 * exp(x1)) - square(square((cos(exp(1.3044953 - ((cos(exp(exp(x0 * -0.005117432)) * sin(exp(exp(square((-0.5085734 - x1) * 0.3760556))) - x2)) + x2) * 0.9979818)) + x1) + (x2 + 0.10756133)) - x0))))) + exp(sqrt(exp(x2 * x0)))) * cos(square(x2 - exp(sqrt(exp(x1 * sin(exp(x1)))))))))) + (exp(exp(sqrt(exp(sin(exp(x0) * x1)))) - square(x1)) + -0.3561486))) - (square(((x2 + x1) - 1.147682) + (x0 - (cos(square(square(square(square(cos(exp((square(exp(x0) * x1) * 0.15643485) - 1.6784189)) + 0.58748347) + 7.226036)))) - (x1 * 0.86006075)))) + 1.124676)) / 0.6485343) - exp(x1 * sin(exp(x1))),0.0001772958949264196,18.4576142026981*(0.289031876696582*x2 - 0.289031876696582*(exp(x2) + 0.8055625)**2 + 0.289031876696582*(exp(sqrt(exp(x0*x2))) + exp(exp(sin(x0*exp(x1) - (-x0 + x2 + cos(x1 + 3.68582838660836*exp(-0.9979818*x2 - 0.9979818*cos(exp(exp(-0.005117432*x0))*sin(x2 - exp(exp(0.14141781429136*(-x1 - 0.5085734)**2)))))) + 0.10756133)**4))))*cos((x2 - exp(sqrt(exp(x1*sin(exp(x1))))))**2) + 0.289031876696582*(x0 + x1 - sin(x0**2*x1**2) - 0.28542525)**2 - (0.537616849342152*x0 + x1 + 0.537616849342152*x2 - 0.537616849342152*cos(7433630.44973349*(0.138388460838003*(cos(0.186668885011778*exp(0.15643485*x1**2*exp(2*x0))) + 0.58748347)**2 + 1)**8) - 0.6170131808867)**2 + 0.289031876696582*exp(-x1**2 + exp(sqrt(exp(sin(x1*exp(x0)))))) - 0.428005513196465)**2 - exp(x1*sin(exp(x1))),PySRFunction(X=>18.4576142026981*(0.289031876696582*x2 - 0.289031876696582*(exp(x2) + 0.8055625)**2 + 0.289031876696582*(exp(sqrt(exp(x0*x2))) + exp(exp(sin(x0*exp(x1) - (-x0 + x2 + cos(x1 + 3.68582838660836*exp(-0.9979818*x2 - 0.9979818*cos(exp(exp(-0.005117432*x0))*sin(x2 - exp(exp(0.14141781429136*(-x1 - 0.5085734)**2)))))) + 0.10756133)**4))))*cos((x2 - exp(sqrt(exp(x1*sin(exp(x1))))))**2) + 0.289031876696582*(x0 + x1 - sin(x0**2*x1**2) - 0.28542525)**2 - (0.537616849342152*x0 + x1 + 0.537616849342152*x2 - 0.537616849342152*cos(7433630.44973349*(0.138388460838003*(cos(0.186668885011778*exp(0.15643485*x1**2*exp(2*x0))) + 0.58748347)**2 + 1)**8) - 0.6170131808867)**2 + 0.289031876696582*exp(-x1**2 + exp(sqrt(exp(sin(x1*exp(x0)))))) - 0.428005513196465)**2 - exp(x1*sin(exp(x1)))),27,57,18.4576142026981*(0.289031876696582*x2 - 0.289031876696582*(exp(x2) + 0.8055625)**2 + 0.289031876696582*(exp(sqrt(exp(x0*x2))) + exp(exp(sin(x0*exp(x1) - (-x0 + x2 + cos(x1 + 3.68582838660836*exp(-0.9979818*x2 - 0.9979818*cos(exp(exp(-0.005117432*x0))*sin(x2 - exp(exp(0.14141781429136*(-x1 - 0.5085734)**2)))))) + 0.10756133)**4))))*cos((x2 - exp(sqrt(exp(x1*sin(exp(x1))))))**2) + 0.289031876696582*(x0 + x1 - sin(x0**2*x1**2) - 0.28542525)**2 - (0.537616849342152*x0 + x1 + 0.537616849342152*x2 - 0.537616849342152*cos(7433630.44973349*(0.138388460838003*(cos(0.186668885011778*exp(0.15643485*x1**2*exp(2*x0))) + 0.58748347)**2 + 1)**8) - 0.6170131808867)**2 + 0.289031876696582*exp(-x1**2 + exp(sqrt(exp(sin(x1*exp(x0)))))) - 0.428005513196465)**2 - exp(x1*sin(exp(x1)))
147,358735.38,(square(exp(exp(sqrt(exp(sin(x1 * exp(x0))))) - square(x1)) + (exp((x0 - x2) * cos(x0 - square(x1))) + (((x2 - ((square(exp(x2) + 0.8055625) - (cos(square(exp(sqrt(exp(sin(exp(x1)) * x1))) - x2)) * (exp(sqrt(exp(x0 * x2))) + exp(exp(sin((x0 * exp(x1)) - square(square(((cos(exp((1.3044953 - (cos(sin(exp(exp(square((-0.5085734 - x1) * 0.3760556))) - x2) * exp(exp(x0 * -0.005117432))) + x2)) * 0.9979818) + x0) + x2) - x0) + 0.10756133)))))))) + 1.3020023)) - square(((x2 + -1.6562554) + x0) - (cos(square(square(square(cos((square(x0 * exp(x1)) * 0.15643485) - 5.357079) + 0.58748347) + 7.226036))) - (x1 * 0.86006075)))) + -2.1911256))) / 0.6485343) - sqrt(exp(exp(sin(square(cos(-0.15289965 - x0))) - -1.678921) - 0.7156853)),0.0025239117550149236,18.8146448472477*(0.286276377111757*x2 - 0.286276377111757*(exp(x2) + 0.8055625)**2 + 0.286276377111757*(exp(sqrt(exp(x0*x2))) + exp(exp(sin(x0*exp(x1) - (-x0 + x2 + cos(x0 + 3.67613734929244*exp(-0.9979818*x2 - 0.9979818*cos(exp(exp(-0.005117432*x0))*sin(x2 - exp(exp(0.14141781429136*(-x1 - 0.5085734)**2)))))) + 0.10756133)**4))))*cos((-x2 + exp(sqrt(exp(x1*sin(exp(x1))))))**2) - 0.785308190412713*(0.603771616382353*x0 + 0.519280269214519*x1 + 0.603771616382353*x2 - 0.603771616382353*cos(2726.46849417584*(0.138388460838003*(cos(0.15643485*x0**2*exp(2*x1) - 5.357079) + 0.58748347)**2 + 1)**4) - 1)**2 + 0.286276377111757*exp((x0 - x2)*cos(x0 - x1**2)) + 0.286276377111757*exp(-x1**2 + exp(sqrt(exp(sin(x1*exp(x0)))))) - 1)**2 - 0.699183082809515*sqrt(exp(5.35976965850618*exp(sin(cos(x0 + 0.15289965)**2)))),PySRFunction(X=>18.8146448472477*(0.286276377111757*x2 - 0.286276377111757*(exp(x2) + 0.8055625)**2 + 0.286276377111757*(exp(sqrt(exp(x0*x2))) + exp(exp(sin(x0*exp(x1) - (-x0 + x2 + cos(x0 + 3.67613734929244*exp(-0.9979818*x2 - 0.9979818*cos(exp(exp(-0.005117432*x0))*sin(x2 - exp(exp(0.14141781429136*(-x1 - 0.5085734)**2)))))) + 0.10756133)**4))))*cos((-x2 + exp(sqrt(exp(x1*sin(exp(x1))))))**2) - 0.785308190412713*(0.603771616382353*x0 + 0.519280269214519*x1 + 0.603771616382353*x2 - 0.603771616382353*cos(2726.46849417584*(0.138388460838003*(cos(0.15643485*x0**2*exp(2*x1) - 5.357079) + 0.58748347)**2 + 1)**4) - 1)**2 + 0.286276377111757*exp((x0 - x2)*cos(x0 - x1**2)) + 0.286276377111757*exp(-x1**2 + exp(sqrt(exp(sin(x1*exp(x0)))))) - 1)**2 - 0.699183082809515*sqrt(exp(5.35976965850618*exp(sin(cos(x0 + 0.15289965)**2))))),27,58,18.8146448472477*(0.286276377111757*x2 - 0.286276377111757*(exp(x2) + 0.8055625)**2 + 0.286276377111757*(exp(sqrt(exp(x0*x2))) + exp(exp(sin(x0*exp(x1) - (-x0 + x2 + cos(x0 + 3.67613734929244*exp(-0.9979818*x2 - 0.9979818*cos(exp(exp(-0.005117432*x0))*sin(x2 - exp(exp(0.14141781429136*(-x1 - 0.5085734)**2)))))) + 0.10756133)**4))))*cos((-x2 + exp(sqrt(exp(x1*sin(exp(x1))))))**2) - 0.785308190412713*(0.603771616382353*x0 + 0.519280269214519*x1 + 0.603771616382353*x2 - 0.603771616382353*cos(2726.46849417584*(0.138388460838003*(cos(0.15643485*x0**2*exp(2*x1) - 5.357079) + 0.58748347)**2 + 1)**4) - 1)**2 + 0.286276377111757*exp((x0 - x2)*cos(x0 - x1**2)) + 0.286276377111757*exp(-x1**2 + exp(sqrt(exp(sin(x1*exp(x0)))))) - 1)**2 - 0.699183082809515*sqrt(exp(5.35976965850618*exp(sin(cos(x0 + 0.15289965)**2))))
149,350836.0,(square(0.15643485 + ((-0.4418601 + square(x0 - (cos(square(x1 * x0)) - x1))) + ((exp(exp(sqrt(exp(sin(x1 * exp(x0))))) - square(x1)) + -1.6581509) + (((x2 - (square(0.8055625 + exp(x2)) - ((exp(exp(sin(exp(x0 * x1)) - square(square((cos(exp(exp(sqrt(exp(x2 * x0)))) + x0) + (x2 + sin(x1))) - x0)))) + exp(sqrt(exp(x2 * x0)))) * cos(square(exp(sqrt(exp(x1 * sin(exp(x1))))) - x2))))) - (square((x2 + (x1 - 1.147682)) + (x0 - (cos(square(square(square(square(cos(exp((0.15643485 * square(x1 * exp(x0))) - 1.6784189)) + cos(7.226036)) + 7.226036)))) - (x1 * 0.86006075)))) + (x1 * 1.124676))) + 1.3020023)))) / 0.6485343) - sqrt(exp(exp(((sin(exp(0.6485343 * x1)) - square(x0)) - -1.62935) - 0.049571075) - sin(sin(x0)))),0.011133067910260815,18.4576142026981*(-0.325067214955605*x1 + 0.289031876696582*x2 - 0.289031876696582*(exp(x2) + 0.8055625)**2 + 0.289031876696582*(exp(sqrt(exp(x0*x2))) + exp(exp(-(-x0 + x2 + sin(x1) + cos(x0 + exp(exp(sqrt(exp(x0*x2))))))**4 + sin(exp(x0*x1)))))*cos((-x2 + exp(sqrt(exp(x1*sin(exp(x1))))))**2) + 0.289031876696582*(x0 + x1 - cos(x0**2*x1**2))**2 - (0.537616849342152*x0 + x1 + 0.537616849342152*x2 - 0.537616849342152*cos(7433630.44973349*(0.138388460838003*(cos(0.186668885011778*exp(0.15643485*x1**2*exp(2*x0))) + 0.587483531630495)**2 + 1)**8) - 0.6170131808867)**2 + 0.289031876696582*exp(-x1**2 + exp(sqrt(exp(sin(x1*exp(x0)))))) - 0.185435293904951)**2 - sqrt(exp(4.85388262051366*exp(-x0**2 + sin(exp(0.6485343*x1))) - sin(sin(x0)))),PySRFunction(X=>18.4576142026981*(-0.325067214955605*x1 + 0.289031876696582*x2 - 0.289031876696582*(exp(x2) + 0.8055625)**2 + 0.289031876696582*(exp(sqrt(exp(x0*x2))) + exp(exp(-(-x0 + x2 + sin(x1) + cos(x0 + exp(exp(sqrt(exp(x0*x2))))))**4 + sin(exp(x0*x1)))))*cos((-x2 + exp(sqrt(exp(x1*sin(exp(x1))))))**2) + 0.289031876696582*(x0 + x1 - cos(x0**2*x1**2))**2 - (0.537616849342152*x0 + x1 + 0.537616849342152*x2 - 0.537616849342152*cos(7433630.44973349*(0.138388460838003*(cos(0.186668885011778*exp(0.15643485*x1**2*exp(2*x0))) + 0.587483531630495)**2 + 1)**8) - 0.6170131808867)**2 + 0.289031876696582*exp(-x1**2 + exp(sqrt(exp(sin(x1*exp(x0)))))) - 0.185435293904951)**2 - sqrt(exp(4.85388262051366*exp(-x0**2 + sin(exp(0.6485343*x1))) - sin(sin(x0))))),27,59,18.4576142026981*(-0.325067214955605*x1 + 0.289031876696582*x2 - 0.289031876696582*(exp(x2) + 0.8055625)**2 + 0.289031876696582*(exp(sqrt(exp(x0*x2))) + exp(exp(-(-x0 + x2 + sin(x1) + cos(x0 + exp(exp(sqrt(exp(x0*x2))))))**4 + sin(exp(x0*x1)))))*cos((-x2 + exp(sqrt(exp(x1*sin(exp(x1))))))**2) + 0.289031876696582*(x0 + x1 - cos(x0**2*x1**2))**2 - (0.537616849342152*x0 + x1 + 0.537616849342152*x2 - 0.537616849342152*cos(7433630.44973349*(0.138388460838003*(cos(0.186668885011778*exp(0.15643485*x1**2*exp(2*x0))) + 0.587483531630495)**2 + 1)**8) - 0.6170131808867)**2 + 0.289031876696582*exp(-x1**2 + exp(sqrt(exp(sin(x1*exp(x0)))))) - 0.185435293904951)**2 - sqrt(exp(4.85388262051366*exp(-x0**2 + sin(exp(0.6485343*x1))) - sin(sin(x0))))
151,341357.47,(square((exp(exp(sqrt(exp(sin(x1 * exp(x0))))) - square(x1)) + (square(x0 - (cos(square(x1 * x0)) - x1)) + -2.1911256)) + (((x2 - (square(exp(x2) + 0.8055625) - (cos(square(exp(sqrt(exp(x1 * sin(exp(x1))))) - x2)) * (exp(sqrt(exp(x2 * x0))) + exp(exp(sin((x0 * exp(x1)) - square(square(cos(exp(1.3044953 - (cos(sin(exp(exp(square((-0.5085734 - x1) * 0.3760556))) - x2) * exp(exp(x0 * -0.005117432))) + x2)) + x0) + (x2 + (0.10756133 - x0))))))))))) + 1.3020023) - square(((x1 + x2) - 1.147682) + (x0 - (cos(square(square(square(7.226036 + square(cos(exp((square(x1 * exp(x0)) * 0.15643485) - 1.6784189)) + 0.58748347))))) - (x1 * 0.86006075)))))) / 0.6485343) - sqrt(exp(exp(sin(square(cos((0.6485343 * -0.23576185) - x0))) - -1.678921) - 0.7156853)),0.013694325243864398,18.4576142026981*(0.289031876696582*x2 - 0.289031876696582*(exp(x2) + 0.8055625)**2 + 0.289031876696582*(exp(sqrt(exp(x0*x2))) + exp(exp(sin(x0*exp(x1) - (-x0 + x2 + cos(x0 + 3.68582838660836*exp(-x2 - cos(exp(exp(-0.005117432*x0))*sin(x2 - exp(exp(0.14141781429136*(-x1 - 0.5085734)**2)))))) + 0.10756133)**4))))*cos((-x2 + exp(sqrt(exp(x1*sin(exp(x1))))))**2) + 0.289031876696582*(x0 + x1 - cos(x0**2*x1**2))**2 - (0.537616849342152*x0 + x1 + 0.537616849342152*x2 - 0.537616849342152*cos(7433630.44973349*(0.138388460838003*(cos(0.186668885011778*exp(0.15643485*x1**2*exp(2*x0))) + 0.58748347)**2 + 1)**8) - 0.6170131808867)**2 + 0.289031876696582*exp(-x1**2 + exp(sqrt(exp(sin(x1*exp(x0)))))) - 0.256984976013658)**2 - 0.699183082809515*sqrt(exp(5.35976965850618*exp(sin(cos(x0 + 0.152899646356455)**2)))),PySRFunction(X=>18.4576142026981*(0.289031876696582*x2 - 0.289031876696582*(exp(x2) + 0.8055625)**2 + 0.289031876696582*(exp(sqrt(exp(x0*x2))) + exp(exp(sin(x0*exp(x1) - (-x0 + x2 + cos(x0 + 3.68582838660836*exp(-x2 - cos(exp(exp(-0.005117432*x0))*sin(x2 - exp(exp(0.14141781429136*(-x1 - 0.5085734)**2)))))) + 0.10756133)**4))))*cos((-x2 + exp(sqrt(exp(x1*sin(exp(x1))))))**2) + 0.289031876696582*(x0 + x1 - cos(x0**2*x1**2))**2 - (0.537616849342152*x0 + x1 + 0.537616849342152*x2 - 0.537616849342152*cos(7433630.44973349*(0.138388460838003*(cos(0.186668885011778*exp(0.15643485*x1**2*exp(2*x0))) + 0.58748347)**2 + 1)**8) - 0.6170131808867)**2 + 0.289031876696582*exp(-x1**2 + exp(sqrt(exp(sin(x1*exp(x0)))))) - 0.256984976013658)**2 - 0.699183082809515*sqrt(exp(5.35976965850618*exp(sin(cos(x0 + 0.152899646356455)**2))))),27,60,18.4576142026981*(0.289031876696582*x2 - 0.289031876696582*(exp(x2) + 0.8055625)**2 + 0.289031876696582*(exp(sqrt(exp(x0*x2))) + exp(exp(sin(x0*exp(x1) - (-x0 + x2 + cos(x0 + 3.68582838660836*exp(-x2 - cos(exp(exp(-0.005117432*x0))*sin(x2 - exp(exp(0.14141781429136*(-x1 - 0.5085734)**2)))))) + 0.10756133)**4))))*cos((-x2 + exp(sqrt(exp(x1*sin(exp(x1))))))**2) + 0.289031876696582*(x0 + x1 - cos(x0**2*x1**2))**2 - (0.537616849342152*x0 + x1 + 0.537616849342152*x2 - 0.537616849342152*cos(7433630.44973349*(0.138388460838003*(cos(0.186668885011778*exp(0.15643485*x1**2*exp(2*x0))) + 0.58748347)**2 + 1)**8) - 0.6170131808867)**2 + 0.289031876696582*exp(-x1**2 + exp(sqrt(exp(sin(x1*exp(x0)))))) - 0.256984976013658)**2 - 0.699183082809515*sqrt(exp(5.35976965850618*exp(sin(cos(x0 + 0.152899646356455)**2))))
153,339778.12,(square((exp(exp(sqrt(exp(sin(x1 * exp(x0))))) - square(x1)) + (square(x0 - (cos(square(x1 * x0)) - x1)) + -2.1911256)) + (((x2 - (square(exp(x2) + 0.8055625) - (cos(square(exp(sqrt(exp(x1 * sin(exp(x1))))) - x2)) * (exp(sqrt(exp(x2 * x0))) + exp(exp(sin((x0 * exp(x1)) - square(square(cos(exp(1.3044953 - ((cos(sin(exp(exp(square((-0.5085734 - x1) * 0.3760556))) - x2) * exp(exp(x0 * -0.005117432))) + x2) * 0.9979818)) + x0) + (x2 + (0.10756133 - x0))))))))))) + 1.3020023) - square(((x2 + x1) - 1.147682) + (x0 - (cos(square(square(square(square(cos(exp((square(exp(x0) * x1) * 0.15643485) - 1.6784189)) + 0.58748347) + 7.226036)))) - (x1 * 0.86006075)))))) / 0.6485343) - sqrt(exp(exp(sin(square(cos(-0.23576185 * 0.6485343) - x0)) - -1.678921) - 0.7156853)),0.0023187054877020653,18.4576142026981*(0.289031876696582*x2 - 0.289031876696582*(exp(x2) + 0.8055625)**2 + 0.289031876696582*(exp(sqrt(exp(x0*x2))) + exp(exp(sin(x0*exp(x1) - (-x0 + x2 + cos(x0 + 3.68582838660836*exp(-0.9979818*x2 - 0.9979818*cos(exp(exp(-0.005117432*x0))*sin(x2 - exp(exp(0.14141781429136*(-x1 - 0.5085734)**2)))))) + 0.10756133)**4))))*cos((-x2 + exp(sqrt(exp(x1*sin(exp(x1))))))**2) + 0.289031876696582*(x0 + x1 - cos(x0**2*x1**2))**2 - (0.537616849342152*x0 + x1 + 0.537616849342152*x2 - 0.537616849342152*cos(7433630.44973349*(0.138388460838003*(cos(0.186668885011778*exp(0.15643485*x1**2*exp(2*x0))) + 0.58748347)**2 + 1)**8) - 0.6170131808867)**2 + 0.289031876696582*exp(-x1**2 + exp(sqrt(exp(sin(x1*exp(x0)))))) - 0.256984976013658)**2 - 0.699183082809515*sqrt(exp(5.35976965850618*exp(sin((0.988333604041437 - x0)**2)))),PySRFunction(X=>18.4576142026981*(0.289031876696582*x2 - 0.289031876696582*(exp(x2) + 0.8055625)**2 + 0.289031876696582*(exp(sqrt(exp(x0*x2))) + exp(exp(sin(x0*exp(x1) - (-x0 + x2 + cos(x0 + 3.68582838660836*exp(-0.9979818*x2 - 0.9979818*cos(exp(exp(-0.005117432*x0))*sin(x2 - exp(exp(0.14141781429136*(-x1 - 0.5085734)**2)))))) + 0.10756133)**4))))*cos((-x2 + exp(sqrt(exp(x1*sin(exp(x1))))))**2) + 0.289031876696582*(x0 + x1 - cos(x0**2*x1**2))**2 - (0.537616849342152*x0 + x1 + 0.537616849342152*x2 - 0.537616849342152*cos(7433630.44973349*(0.138388460838003*(cos(0.186668885011778*exp(0.15643485*x1**2*exp(2*x0))) + 0.58748347)**2 + 1)**8) - 0.6170131808867)**2 + 0.289031876696582*exp(-x1**2 + exp(sqrt(exp(sin(x1*exp(x0)))))) - 0.256984976013658)**2 - 0.699183082809515*sqrt(exp(5.35976965850618*exp(sin((0.988333604041437 - x0)**2))))),27,61,18.4576142026981*(0.289031876696582*x2 - 0.289031876696582*(exp(x2) + 0.8055625)**2 + 0.289031876696582*(exp(sqrt(exp(x0*x2))) + exp(exp(sin(x0*exp(x1) - (-x0 + x2 + cos(x0 + 3.68582838660836*exp(-0.9979818*x2 - 0.9979818*cos(exp(exp(-0.005117432*x0))*sin(x2 - exp(exp(0.14141781429136*(-x1 - 0.5085734)**2)))))) + 0.10756133)**4))))*cos((-x2 + exp(sqrt(exp(x1*sin(exp(x1))))))**2) + 0.289031876696582*(x0 + x1 - cos(x0**2*x1**2))**2 - (0.537616849342152*x0 + x1 + 0.537616849342152*x2 - 0.537616849342152*cos(7433630.44973349*(0.138388460838003*(cos(0.186668885011778*exp(0.15643485*x1**2*exp(2*x0))) + 0.58748347)**2 + 1)**8) - 0.6170131808867)**2 + 0.289031876696582*exp(-x1**2 + exp(sqrt(exp(sin(x1*exp(x0)))))) - 0.256984976013658)**2 - 0.699183082809515*sqrt(exp(5.35976965850618*exp(sin((0.988333604041437 - x0)**2))))
154,339579.97,(square((exp(exp(sqrt(exp(sin(x1 * exp(x0))))) - square(x1)) + (square(x0 - (cos(square(x1 * sin(x0))) - x1)) + -2.1911256)) + (((x2 - (square(exp(x2) + 0.8055625) - (cos(square(exp(sqrt(exp(x1 * sin(exp(x1))))) - x2)) * (exp(sqrt(exp(x2 * x0))) + exp(exp(sin((x0 * exp(x1)) - square(square(cos(exp(1.3044953 - (cos(sin(exp(exp(square((-0.5085734 - x1) * 0.3760556))) - x2) * exp(exp(x0 * -0.005117432))) + (x2 * 0.9979818))) + x0) + (x2 + (0.10756133 - x0))))))))))) + 1.3020023) - square(((x2 + x1) - 1.147682) + (x0 - (cos(square(square(square(square(cos(exp((square(exp(x0) * x1) * 0.15643485) - 1.6784189)) + 0.58748347) + 7.226036)))) - (x1 * 0.86006075)))))) / 0.6485343) - sqrt(exp(exp(sin(square(cos(0.6485343 * -0.23576185) - x0)) - -1.678921) - 0.7156853)),0.0005833448030892844,18.4576142026981*(0.289031876696582*x2 - 0.289031876696582*(exp(x2) + 0.8055625)**2 + 0.289031876696582*(exp(sqrt(exp(x0*x2))) + exp(exp(sin(x0*exp(x1) - (-x0 + x2 + cos(x0 + 3.68582838660836*exp(-0.9979818*x2 - cos(exp(exp(-0.005117432*x0))*sin(x2 - exp(exp(0.14141781429136*(-x1 - 0.5085734)**2)))))) + 0.10756133)**4))))*cos((-x2 + exp(sqrt(exp(x1*sin(exp(x1))))))**2) + 0.289031876696582*(x0 + x1 - cos(x1**2*sin(x0)**2))**2 - (0.537616849342152*x0 + x1 + 0.537616849342152*x2 - 0.537616849342152*cos(7433630.44973349*(0.138388460838003*(cos(0.186668885011778*exp(0.15643485*x1**2*exp(2*x0))) + 0.58748347)**2 + 1)**8) - 0.6170131808867)**2 + 0.289031876696582*exp(-x1**2 + exp(sqrt(exp(sin(x1*exp(x0)))))) - 0.256984976013658)**2 - 0.699183082809515*sqrt(exp(5.35976965850618*exp(sin((0.988333604041437 - x0)**2)))),PySRFunction(X=>18.4576142026981*(0.289031876696582*x2 - 0.289031876696582*(exp(x2) + 0.8055625)**2 + 0.289031876696582*(exp(sqrt(exp(x0*x2))) + exp(exp(sin(x0*exp(x1) - (-x0 + x2 + cos(x0 + 3.68582838660836*exp(-0.9979818*x2 - cos(exp(exp(-0.005117432*x0))*sin(x2 - exp(exp(0.14141781429136*(-x1 - 0.5085734)**2)))))) + 0.10756133)**4))))*cos((-x2 + exp(sqrt(exp(x1*sin(exp(x1))))))**2) + 0.289031876696582*(x0 + x1 - cos(x1**2*sin(x0)**2))**2 - (0.537616849342152*x0 + x1 + 0.537616849342152*x2 - 0.537616849342152*cos(7433630.44973349*(0.138388460838003*(cos(0.186668885011778*exp(0.15643485*x1**2*exp(2*x0))) + 0.58748347)**2 + 1)**8) - 0.6170131808867)**2 + 0.289031876696582*exp(-x1**2 + exp(sqrt(exp(sin(x1*exp(x0)))))) - 0.256984976013658)**2 - 0.699183082809515*sqrt(exp(5.35976965850618*exp(sin((0.988333604041437 - x0)**2))))),27,62,18.4576142026981*(0.289031876696582*x2 - 0.289031876696582*(exp(x2) + 0.8055625)**2 + 0.289031876696582*(exp(sqrt(exp(x0*x2))) + exp(exp(sin(x0*exp(x1) - (-x0 + x2 + cos(x0 + 3.68582838660836*exp(-0.9979818*x2 - cos(exp(exp(-0.005117432*x0))*sin(x2 - exp(exp(0.14141781429136*(-x1 - 0.5085734)**2)))))) + 0.10756133)**4))))*cos((-x2 + exp(sqrt(exp(x1*sin(exp(x1))))))**2) + 0.289031876696582*(x0 + x1 - cos(x1**2*sin(x0)**2))**2 - (0.537616849342152*x0 + x1 + 0.537616849342152*x2 - 0.537616849342152*cos(7433630.44973349*(0.138388460838003*(cos(0.186668885011778*exp(0.15643485*x1**2*exp(2*x0))) + 0.58748347)**2 + 1)**8) - 0.6170131808867)**2 + 0.289031876696582*exp(-x1**2 + exp(sqrt(exp(sin(x1*exp(x0)))))) - 0.256984976013658)**2 - 0.699183082809515*sqrt(exp(5.35976965850618*exp(sin((0.988333604041437 - x0)**2))))
157,322378.7,((square((square((x0 - (0.84979594 - x1)) + -0.28542525) + ((x2 - (square(exp(x2) + 0.8055625) - ((exp(exp(sin(exp((x0 * x1) - square(cos(exp(1.3044953 - ((x2 * 0.9979818) + cos(exp(exp(x0 * -0.005117432)) * sin(exp(exp(square(sin((-0.5085734 - x1) * 0.38553572)))) - x2)))) + x0) + (x2 + (0.10756133 - x0))))))) + exp(sqrt(exp(x0 * x2)))) * cos(square(exp(sqrt(exp(x1 * sin(exp(x1))))) - x2))))) + ((exp(exp(sqrt(exp(sin(exp(x0) * x1)))) - square(x1)) + x1) + -0.13275293))) - (square((x1 - 1.147682) + ((x0 + x2) - (cos(square(square(square(square(cos(exp(square((exp(x0) * x1) * 0.15643485) - 1.6784189)) + 7.8135195))))) - (x1 * 0.86006075)))) + 1.124676)) / 0.6485343) - sqrt(exp(exp((sin(exp(x1) * 0.6485343) - square(x0)) - -1.678921) - sin(sin(x2 + x2))))) - x0,0.017327510030333965,-x0 + 18.4576142026981*(0.289031876696582*x1 + 0.289031876696582*x2 - 0.289031876696582*(exp(x2) + 0.8055625)**2 + 0.289031876696582*(exp(sqrt(exp(x0*x2))) + exp(exp(sin(exp(x0*x1 - (-x0 + x2 + cos(x0 + 3.68582838660836*exp(-0.9979818*x2 - cos(exp(exp(-0.005117432*x0))*sin(x2 - exp(exp(sin(0.38553572*x1 + 0.196073211941848)**2)))))) + 0.10756133)**2)))))*cos((-x2 + exp(sqrt(exp(x1*sin(exp(x1))))))**2) + 0.372483226779374*(0.880885600805249*x0 + 0.880885600805249*x1 - 1)**2 - (0.537616849342152*x0 + x1 + 0.537616849342152*x2 - 0.537616849342152*cos(192995510089629.0*(0.127983298691454*cos(0.186668885011778*exp(0.0244718622945225*x1**2*exp(2*x0))) + 1)**16) - 0.6170131808867)**2 + 0.289031876696582*exp(-x1**2 + exp(sqrt(exp(sin(x1*exp(x0)))))) - 0.363437043450475)**2 - sqrt(exp(5.35976965850618*exp(-x0**2 + sin(0.6485343*exp(x1))) - sin(sin(2*x2)))),PySRFunction(X=>-x0 + 18.4576142026981*(0.289031876696582*x1 + 0.289031876696582*x2 - 0.289031876696582*(exp(x2) + 0.8055625)**2 + 0.289031876696582*(exp(sqrt(exp(x0*x2))) + exp(exp(sin(exp(x0*x1 - (-x0 + x2 + cos(x0 + 3.68582838660836*exp(-0.9979818*x2 - cos(exp(exp(-0.005117432*x0))*sin(x2 - exp(exp(sin(0.38553572*x1 + 0.196073211941848)**2)))))) + 0.10756133)**2)))))*cos((-x2 + exp(sqrt(exp(x1*sin(exp(x1))))))**2) + 0.372483226779374*(0.880885600805249*x0 + 0.880885600805249*x1 - 1)**2 - (0.537616849342152*x0 + x1 + 0.537616849342152*x2 - 0.537616849342152*cos(192995510089629.0*(0.127983298691454*cos(0.186668885011778*exp(0.0244718622945225*x1**2*exp(2*x0))) + 1)**16) - 0.6170131808867)**2 + 0.289031876696582*exp(-x1**2 + exp(sqrt(exp(sin(x1*exp(x0)))))) - 0.363437043450475)**2 - sqrt(exp(5.35976965850618*exp(-x0**2 + sin(0.6485343*exp(x1))) - sin(sin(2*x2))))),27,63,-x0 + 18.4576142026981*(0.289031876696582*x1 + 0.289031876696582*x2 - 0.289031876696582*(exp(x2) + 0.8055625)**2 + 0.289031876696582*(exp(sqrt(exp(x0*x2))) + exp(exp(sin(exp(x0*x1 - (-x0 + x2 + cos(x0 + 3.68582838660836*exp(-0.9979818*x2 - cos(exp(exp(-0.005117432*x0))*sin(x2 - exp(exp(sin(0.38553572*x1 + 0.196073211941848)**2)))))) + 0.10756133)**2)))))*cos((-x2 + exp(sqrt(exp(x1*sin(exp(x1))))))**2) + 0.372483226779374*(0.880885600805249*x0 + 0.880885600805249*x1 - 1)**2 - (0.537616849342152*x0 + x1 + 0.537616849342152*x2 - 0.537616849342152*cos(192995510089629.0*(0.127983298691454*cos(0.186668885011778*exp(0.0244718622945225*x1**2*exp(2*x0))) + 1)**16) - 0.6170131808867)**2 + 0.289031876696582*exp(-x1**2 + exp(sqrt(exp(sin(x1*exp(x0)))))) - 0.363437043450475)**2 - sqrt(exp(5.35976965850618*exp(-x0**2 + sin(0.6485343*exp(x1))) - sin(sin(2*x2))))
158,317698.0,(square((square((x0 - (sin(square(x0 * x1)) - x1)) + -0.6229271) + ((((x2 - (square(exp(x2) + 0.8055625) - ((exp(exp(sin(x0 * exp(x1 - square(square(cos(exp(1.3044953 - ((cos(exp(exp(x0 * -0.005117432)) * sin(exp(exp(square((-0.5085734 - x1) * sin(x1)))) - x2)) + x2) * 0.9979818)) + x1) + (x2 + (0.10756133 - x0)))))))) + exp(sqrt(square(x2 + x0)))) * cos(square(exp(sqrt(exp(x1 * sin(exp(x1))))) - x2))))) + exp(exp(sqrt(exp(sin(exp(x0) * x1)))) - square(x1))) + -0.3561486) - square((x2 + ((x1 - 1.147682) + x0)) - (cos(square(square(square(cos(exp((square(exp(x0) * x1) - 1.6784189) * 0.15643485)) + 7.8135195)))) - (x1 * 0.86006075))))) + 1.124676) / 0.6485343) - (sqrt(exp(exp((sin(exp(x1) * 0.6485343) - square(x0)) - -1.678921) - sin(x2 + 0.30239666))) - x0),0.01462569544386757,x0 + 18.4576142026981*(0.289031876696582*x2 - 0.289031876696582*(exp(x2) + 0.8055625)**2 + 0.289031876696582*(exp(sqrt((x0 + x2)**2)) + exp(exp(sin(x0*exp(x1 - (-x0 + x2 + cos(x1 + 3.68582838660836*exp(-0.9979818*x2 - 0.9979818*cos(exp(exp(-0.005117432*x0))*sin(x2 - exp(exp((-x1 - 0.5085734)**2*sin(x1)**2)))))) + 0.10756133)**4)))))*cos((-x2 + exp(sqrt(exp(x1*sin(exp(x1))))))**2) + 0.289031876696582*(x0 + x1 - sin(x0**2*x1**2) - 0.6229271)**2 - (0.537616849342152*x0 + x1 + 0.537616849342152*x2 - 0.537616849342152*cos(13892282.3930997*(0.127983298691454*cos(0.769077750305346*exp(0.15643485*x1**2*exp(2*x0))) + 1)**8) - 0.6170131808867)**2 + 0.289031876696582*exp(-x1**2 + exp(sqrt(exp(sin(x1*exp(x0)))))) + 0.222128916714745)**2 - sqrt(exp(5.35976965850618*exp(-x0**2 + sin(0.6485343*exp(x1))) - sin(x2 + 0.30239666))),PySRFunction(X=>x0 + 18.4576142026981*(0.289031876696582*x2 - 0.289031876696582*(exp(x2) + 0.8055625)**2 + 0.289031876696582*(exp(sqrt((x0 + x2)**2)) + exp(exp(sin(x0*exp(x1 - (-x0 + x2 + cos(x1 + 3.68582838660836*exp(-0.9979818*x2 - 0.9979818*cos(exp(exp(-0.005117432*x0))*sin(x2 - exp(exp((-x1 - 0.5085734)**2*sin(x1)**2)))))) + 0.10756133)**4)))))*cos((-x2 + exp(sqrt(exp(x1*sin(exp(x1))))))**2) + 0.289031876696582*(x0 + x1 - sin(x0**2*x1**2) - 0.6229271)**2 - (0.537616849342152*x0 + x1 + 0.537616849342152*x2 - 0.537616849342152*cos(13892282.3930997*(0.127983298691454*cos(0.769077750305346*exp(0.15643485*x1**2*exp(2*x0))) + 1)**8) - 0.6170131808867)**2 + 0.289031876696582*exp(-x1**2 + exp(sqrt(exp(sin(x1*exp(x0)))))) + 0.222128916714745)**2 - sqrt(exp(5.35976965850618*exp(-x0**2 + sin(0.6485343*exp(x1))) - sin(x2 + 0.30239666)))),27,64,x0 + 18.4576142026981*(0.289031876696582*x2 - 0.289031876696582*(exp(x2) + 0.8055625)**2 + 0.289031876696582*(exp(sqrt((x0 + x2)**2)) + exp(exp(sin(x0*exp(x1 - (-x0 + x2 + cos(x1 + 3.68582838660836*exp(-0.9979818*x2 - 0.9979818*cos(exp(exp(-0.005117432*x0))*sin(x2 - exp(exp((-x1 - 0.5085734)**2*sin(x1)**2)))))) + 0.10756133)**4)))))*cos((-x2 + exp(sqrt(exp(x1*sin(exp(x1))))))**2) + 0.289031876696582*(x0 + x1 - sin(x0**2*x1**2) - 0.6229271)**2 - (0.537616849342152*x0 + x1 + 0.537616849342152*x2 - 0.537616849342152*cos(13892282.3930997*(0.127983298691454*cos(0.769077750305346*exp(0.15643485*x1**2*exp(2*x0))) + 1)**8) - 0.6170131808867)**2 + 0.289031876696582*exp(-x1**2 + exp(sqrt(exp(sin(x1*exp(x0)))))) + 0.222128916714745)**2 - sqrt(exp(5.35976965850618*exp(-x0**2 + sin(0.6485343*exp(x1))) - sin(x2 + 0.30239666)))
160,309121.38,((square(square((x0 - (sin(x1 * square(x0)) - x1)) + -0.6229271) + ((((x2 - (square(exp(x2) + 0.8055625) - ((exp(exp(sin(x0 * exp(x1 - square(square(cos(exp(1.3044953 - ((cos(exp(exp(x0 * -0.005117432)) * sin(exp(exp(square((-0.5085734 - x1) * sin(x1)))) - x2)) + x2) * 0.9979818)) + x1) + ((x2 + 0.10756133) - x0))))))) + exp(sqrt(square(x2 + x0)))) * cos(square(exp(sqrt(exp(x1 * sin(exp(x1))))) - x2))))) + exp(exp(sqrt(exp(sin(exp(x0) * x1)))) - square(x1))) + -1.6581509) + ((1.3020023 - square(x2 + (((x1 - 1.147682) + x0) - (cos(square(square(square(cos(exp((square(exp(x0) * x1) - 1.6784189) * 0.15643485)) + 7.8135195)))) - (x1 * 0.86006075))))) + 1.124676))) / 0.6485343) - sqrt(exp(exp((sin(exp(x1) * 0.6485343) - square(x0)) - -1.678921) - sin(x2 + 0.30239666)))) - x0,0.013683615354332122,-x0 + 18.4576142026981*(0.289031876696582*x2 - 0.289031876696582*(exp(x2) + 0.8055625)**2 + 0.289031876696582*(exp(sqrt((x0 + x2)**2)) + exp(exp(sin(x0*exp(x1 - (-x0 + x2 + cos(x1 + 3.68582838660836*exp(-0.9979818*x2 - 0.9979818*cos(exp(exp(-0.005117432*x0))*sin(x2 - exp(exp((-x1 - 0.5085734)**2*sin(x1)**2)))))) + 0.10756133)**4)))))*cos((-x2 + exp(sqrt(exp(x1*sin(exp(x1))))))**2) + 0.289031876696582*(x0 + x1 - sin(x0**2*x1) - 0.6229271)**2 - (0.537616849342152*x0 + x1 + 0.537616849342152*x2 - 0.537616849342152*cos(13892282.3930997*(0.127983298691454*cos(0.769077750305346*exp(0.15643485*x1**2*exp(2*x0))) + 1)**8) - 0.6170131808867)**2 + 0.289031876696582*exp(-x1**2 + exp(sqrt(exp(sin(x1*exp(x0)))))) + 0.222128916714745)**2 - sqrt(exp(5.35976965850618*exp(-x0**2 + sin(0.6485343*exp(x1))) - sin(x2 + 0.30239666))),PySRFunction(X=>-x0 + 18.4576142026981*(0.289031876696582*x2 - 0.289031876696582*(exp(x2) + 0.8055625)**2 + 0.289031876696582*(exp(sqrt((x0 + x2)**2)) + exp(exp(sin(x0*exp(x1 - (-x0 + x2 + cos(x1 + 3.68582838660836*exp(-0.9979818*x2 - 0.9979818*cos(exp(exp(-0.005117432*x0))*sin(x2 - exp(exp((-x1 - 0.5085734)**2*sin(x1)**2)))))) + 0.10756133)**4)))))*cos((-x2 + exp(sqrt(exp(x1*sin(exp(x1))))))**2) + 0.289031876696582*(x0 + x1 - sin(x0**2*x1) - 0.6229271)**2 - (0.537616849342152*x0 + x1 + 0.537616849342152*x2 - 0.537616849342152*cos(13892282.3930997*(0.127983298691454*cos(0.769077750305346*exp(0.15643485*x1**2*exp(2*x0))) + 1)**8) - 0.6170131808867)**2 + 0.289031876696582*exp(-x1**2 + exp(sqrt(exp(sin(x1*exp(x0)))))) + 0.222128916714745)**2 - sqrt(exp(5.35976965850618*exp(-x0**2 + sin(0.6485343*exp(x1))) - sin(x2 + 0.30239666)))),27,65,-x0 + 18.4576142026981*(0.289031876696582*x2 - 0.289031876696582*(exp(x2) + 0.8055625)**2 + 0.289031876696582*(exp(sqrt((x0 + x2)**2)) + exp(exp(sin(x0*exp(x1 - (-x0 + x2 + cos(x1 + 3.68582838660836*exp(-0.9979818*x2 - 0.9979818*cos(exp(exp(-0.005117432*x0))*sin(x2 - exp(exp((-x1 - 0.5085734)**2*sin(x1)**2)))))) + 0.10756133)**4)))))*cos((-x2 + exp(sqrt(exp(x1*sin(exp(x1))))))**2) + 0.289031876696582*(x0 + x1 - sin(x0**2*x1) - 0.6229271)**2 - (0.537616849342152*x0 + x1 + 0.537616849342152*x2 - 0.537616849342152*cos(13892282.3930997*(0.127983298691454*cos(0.769077750305346*exp(0.15643485*x1**2*exp(2*x0))) + 1)**8) - 0.6170131808867)**2 + 0.289031876696582*exp(-x1**2 + exp(sqrt(exp(sin(x1*exp(x0)))))) + 0.222128916714745)**2 - sqrt(exp(5.35976965850618*exp(-x0**2 + sin(0.6485343*exp(x1))) - sin(x2 + 0.30239666)))
161,308523.72,((square(square((x0 - (sin(x1 * square(x0)) - x1)) + -0.6229271) + (((x2 - (square(exp(x2) + 0.8055625) - ((exp(exp(sin(x0 * exp(x1 - square(square(cos(exp(1.3044953 - ((cos(exp(exp(x0 * -0.005117432)) * sin(exp(exp(square((-0.5085734 - x1) * sin(x1)))) - x2)) + x2) * 0.9979818)) + x1) + (x2 + (0.10756133 - x0)))))))) + exp(sqrt(square(x2 + x0)))) * cos(square(exp(sqrt(exp(x1 * sin(exp(x1))))) - x2))))) + (exp(exp(sqrt(exp(sin(exp(x0) * x1)))) - square(x1)) + -1.6581509)) + ((1.3020023 - square(x2 + (((x1 - 1.147682) + x0) - (cos(square(square(square(cos(exp((square(exp(x0) * x1) - 1.6784189) * 0.15643485)) + 7.8135195)))) - (x1 * 0.86006075))))) + 1.124676))) / 0.6485343) - sqrt(exp(exp((sin(exp(x1) * 0.6485343) - square(x0)) - -1.678921) - sin(sin(x2 + 0.30720603))))) - x0,0.0019352867416464106,-x0 + 18.4576142026981*(0.289031876696582*x2 - 0.289031876696582*(exp(x2) + 0.8055625)**2 + 0.289031876696582*(exp(sqrt((x0 + x2)**2)) + exp(exp(sin(x0*exp(x1 - (-x0 + x2 + cos(x1 + 3.68582838660836*exp(-0.9979818*x2 - 0.9979818*cos(exp(exp(-0.005117432*x0))*sin(x2 - exp(exp((-x1 - 0.5085734)**2*sin(x1)**2)))))) + 0.10756133)**4)))))*cos((-x2 + exp(sqrt(exp(x1*sin(exp(x1))))))**2) + 0.289031876696582*(x0 + x1 - sin(x0**2*x1) - 0.6229271)**2 - (0.537616849342152*x0 + x1 + 0.537616849342152*x2 - 0.537616849342152*cos(13892282.3930997*(0.127983298691454*cos(0.769077750305346*exp(0.15643485*x1**2*exp(2*x0))) + 1)**8) - 0.6170131808867)**2 + 0.289031876696582*exp(-x1**2 + exp(sqrt(exp(sin(x1*exp(x0)))))) + 0.222128916714745)**2 - sqrt(exp(5.35976965850618*exp(-x0**2 + sin(0.6485343*exp(x1))) - sin(sin(x2 + 0.30720603)))),PySRFunction(X=>-x0 + 18.4576142026981*(0.289031876696582*x2 - 0.289031876696582*(exp(x2) + 0.8055625)**2 + 0.289031876696582*(exp(sqrt((x0 + x2)**2)) + exp(exp(sin(x0*exp(x1 - (-x0 + x2 + cos(x1 + 3.68582838660836*exp(-0.9979818*x2 - 0.9979818*cos(exp(exp(-0.005117432*x0))*sin(x2 - exp(exp((-x1 - 0.5085734)**2*sin(x1)**2)))))) + 0.10756133)**4)))))*cos((-x2 + exp(sqrt(exp(x1*sin(exp(x1))))))**2) + 0.289031876696582*(x0 + x1 - sin(x0**2*x1) - 0.6229271)**2 - (0.537616849342152*x0 + x1 + 0.537616849342152*x2 - 0.537616849342152*cos(13892282.3930997*(0.127983298691454*cos(0.769077750305346*exp(0.15643485*x1**2*exp(2*x0))) + 1)**8) - 0.6170131808867)**2 + 0.289031876696582*exp(-x1**2 + exp(sqrt(exp(sin(x1*exp(x0)))))) + 0.222128916714745)**2 - sqrt(exp(5.35976965850618*exp(-x0**2 + sin(0.6485343*exp(x1))) - sin(sin(x2 + 0.30720603))))),27,66,-x0 + 18.4576142026981*(0.289031876696582*x2 - 0.289031876696582*(exp(x2) + 0.8055625)**2 + 0.289031876696582*(exp(sqrt((x0 + x2)**2)) + exp(exp(sin(x0*exp(x1 - (-x0 + x2 + cos(x1 + 3.68582838660836*exp(-0.9979818*x2 - 0.9979818*cos(exp(exp(-0.005117432*x0))*sin(x2 - exp(exp((-x1 - 0.5085734)**2*sin(x1)**2)))))) + 0.10756133)**4)))))*cos((-x2 + exp(sqrt(exp(x1*sin(exp(x1))))))**2) + 0.289031876696582*(x0 + x1 - sin(x0**2*x1) - 0.6229271)**2 - (0.537616849342152*x0 + x1 + 0.537616849342152*x2 - 0.537616849342152*cos(13892282.3930997*(0.127983298691454*cos(0.769077750305346*exp(0.15643485*x1**2*exp(2*x0))) + 1)**8) - 0.6170131808867)**2 + 0.289031876696582*exp(-x1**2 + exp(sqrt(exp(sin(x1*exp(x0)))))) + 0.222128916714745)**2 - sqrt(exp(5.35976965850618*exp(-x0**2 + sin(0.6485343*exp(x1))) - sin(sin(x2 + 0.30720603))))
163,308430.75,(((square(square((x0 - (sin(x1 * square(x0)) - x1)) + -0.6229271) + (((x2 - (square(exp(x2) + 0.8055625) - ((exp(exp(sin(x0 * exp(x1 - square(square(cos(exp(1.3044953 - ((cos(exp(exp(x0 * -0.005117432)) * sin(exp(exp(square((-0.5085734 - x1) * sin(x1)))) - x2)) + x2) * 0.9979818)) + x1) + ((x2 + 0.10756133) - x0))))))) + exp(sqrt(square(x2 + x0)))) * cos(square(exp(sqrt(exp(x1 * sin(exp(x1))))) - x2))))) + (exp(exp(sqrt(exp(sin(exp(x0) * x1)))) - square(x1)) + -1.6581509)) + ((1.3020023 - square(x2 + (((x1 - 1.147682) + x0) - (cos(square(square(square(cos(exp((square(exp(x0) * x1) - 1.6784189) * 0.15643485)) + 7.8135195)))) - (x1 * 0.86006075))))) + 1.124676))) / 0.6485343) - sqrt(exp(exp((sin(exp(x1) * 0.6485343) - square(x0)) - -1.678921) - sin(sin(x2 + 0.30720603))))) - x0) - x1,0.0001506918342024188,-x0 - x1 + 18.4576142026981*(0.289031876696582*x2 - 0.289031876696582*(exp(x2) + 0.8055625)**2 + 0.289031876696582*(exp(sqrt((x0 + x2)**2)) + exp(exp(sin(x0*exp(x1 - (-x0 + x2 + cos(x1 + 3.68582838660836*exp(-0.9979818*x2 - 0.9979818*cos(exp(exp(-0.005117432*x0))*sin(x2 - exp(exp((-x1 - 0.5085734)**2*sin(x1)**2)))))) + 0.10756133)**4)))))*cos((-x2 + exp(sqrt(exp(x1*sin(exp(x1))))))**2) + 0.289031876696582*(x0 + x1 - sin(x0**2*x1) - 0.6229271)**2 - (0.537616849342152*x0 + x1 + 0.537616849342152*x2 - 0.537616849342152*cos(13892282.3930997*(0.127983298691454*cos(0.769077750305346*exp(0.15643485*x1**2*exp(2*x0))) + 1)**8) - 0.6170131808867)**2 + 0.289031876696582*exp(-x1**2 + exp(sqrt(exp(sin(x1*exp(x0)))))) + 0.222128916714745)**2 - sqrt(exp(5.35976965850618*exp(-x0**2 + sin(0.6485343*exp(x1))) - sin(sin(x2 + 0.30720603)))),PySRFunction(X=>-x0 - x1 + 18.4576142026981*(0.289031876696582*x2 - 0.289031876696582*(exp(x2) + 0.8055625)**2 + 0.289031876696582*(exp(sqrt((x0 + x2)**2)) + exp(exp(sin(x0*exp(x1 - (-x0 + x2 + cos(x1 + 3.68582838660836*exp(-0.9979818*x2 - 0.9979818*cos(exp(exp(-0.005117432*x0))*sin(x2 - exp(exp((-x1 - 0.5085734)**2*sin(x1)**2)))))) + 0.10756133)**4)))))*cos((-x2 + exp(sqrt(exp(x1*sin(exp(x1))))))**2) + 0.289031876696582*(x0 + x1 - sin(x0**2*x1) - 0.6229271)**2 - (0.537616849342152*x0 + x1 + 0.537616849342152*x2 - 0.537616849342152*cos(13892282.3930997*(0.127983298691454*cos(0.769077750305346*exp(0.15643485*x1**2*exp(2*x0))) + 1)**8) - 0.6170131808867)**2 + 0.289031876696582*exp(-x1**2 + exp(sqrt(exp(sin(x1*exp(x0)))))) + 0.222128916714745)**2 - sqrt(exp(5.35976965850618*exp(-x0**2 + sin(0.6485343*exp(x1))) - sin(sin(x2 + 0.30720603))))),27,67,-x0 - x1 + 18.4576142026981*(0.289031876696582*x2 - 0.289031876696582*(exp(x2) + 0.8055625)**2 + 0.289031876696582*(exp(sqrt((x0 + x2)**2)) + exp(exp(sin(x0*exp(x1 - (-x0 + x2 + cos(x1 + 3.68582838660836*exp(-0.9979818*x2 - 0.9979818*cos(exp(exp(-0.005117432*x0))*sin(x2 - exp(exp((-x1 - 0.5085734)**2*sin(x1)**2)))))) + 0.10756133)**4)))))*cos((-x2 + exp(sqrt(exp(x1*sin(exp(x1))))))**2) + 0.289031876696582*(x0 + x1 - sin(x0**2*x1) - 0.6229271)**2 - (0.537616849342152*x0 + x1 + 0.537616849342152*x2 - 0.537616849342152*cos(13892282.3930997*(0.127983298691454*cos(0.769077750305346*exp(0.15643485*x1**2*exp(2*x0))) + 1)**8) - 0.6170131808867)**2 + 0.289031876696582*exp(-x1**2 + exp(sqrt(exp(sin(x1*exp(x0)))))) + 0.222128916714745)**2 - sqrt(exp(5.35976965850618*exp(-x0**2 + sin(0.6485343*exp(x1))) - sin(sin(x2 + 0.30720603))))
166,307305.75,((square((square((-0.18106703 + -0.4418601) + (x0 - (sin(x1 * square(x0)) - x1))) + (((x2 - (square(0.8055625 + exp(x2)) - ((exp(exp(sin(x0 * exp(x1 - square(square(cos(exp(1.3044953 - ((cos(exp(exp(x0 * -0.005117432)) * sin(exp(exp(square((-0.5085734 - x1) * sin(x1)))) - x2)) + x2) * 0.9979818)) + x1) + ((x2 + 0.10756133) - x0))))))) + exp(sqrt(square(x2 + x0)))) * cos(square(exp(sqrt(exp(x1 * sin(exp(x1))))) - x2))))) + exp(exp(sqrt(exp(sin(exp(x0) * x1)))) - square(x1))) + -1.6581509)) + ((1.3020023 - square((x2 + ((x1 - 1.147682) + x0)) - (cos(square(square(square(7.226036 + (cos(exp((square(exp(x0) * x1) - 1.6784189) * 0.15643485)) + cos(7.226036)))))) - (x1 * 0.86006075)))) + 1.124676)) / 0.6485343) - sqrt(exp(exp((sin(0.6485343 * exp(x1)) - square(x0)) - (-1.62935 - 0.049571075)) - sin(sin(x2))))) - x0,0.001218054857162479,-x0 + 18.4576142026981*(0.289031876696582*x2 - 0.289031876696582*(exp(x2) + 0.8055625)**2 + 0.289031876696582*(exp(sqrt((x0 + x2)**2)) + exp(exp(sin(x0*exp(x1 - (-x0 + x2 + cos(x1 + 3.68582838660836*exp(-0.9979818*x2 - 0.9979818*cos(exp(exp(-0.005117432*x0))*sin(x2 - exp(exp((-x1 - 0.5085734)**2*sin(x1)**2)))))) + 0.10756133)**4)))))*cos((-x2 + exp(sqrt(exp(x1*sin(exp(x1))))))**2) + 0.289031876696582*(x0 + x1 - sin(x0**2*x1) - 0.62292713)**2 - (0.537616849342152*x0 + x1 + 0.537616849342152*x2 - 0.537616849342152*cos(13892282.8430069*(0.127983298173355*cos(0.769077750305346*exp(0.15643485*x1**2*exp(2*x0))) + 1)**8) - 0.6170131808867)**2 + 0.289031876696582*exp(-x1**2 + exp(sqrt(exp(sin(x1*exp(x0)))))) + 0.222128916714745)**2 - sqrt(exp(5.35977006048892*exp(-x0**2 + sin(0.6485343*exp(x1))) - sin(sin(x2)))),PySRFunction(X=>-x0 + 18.4576142026981*(0.289031876696582*x2 - 0.289031876696582*(exp(x2) + 0.8055625)**2 + 0.289031876696582*(exp(sqrt((x0 + x2)**2)) + exp(exp(sin(x0*exp(x1 - (-x0 + x2 + cos(x1 + 3.68582838660836*exp(-0.9979818*x2 - 0.9979818*cos(exp(exp(-0.005117432*x0))*sin(x2 - exp(exp((-x1 - 0.5085734)**2*sin(x1)**2)))))) + 0.10756133)**4)))))*cos((-x2 + exp(sqrt(exp(x1*sin(exp(x1))))))**2) + 0.289031876696582*(x0 + x1 - sin(x0**2*x1) - 0.62292713)**2 - (0.537616849342152*x0 + x1 + 0.537616849342152*x2 - 0.537616849342152*cos(13892282.8430069*(0.127983298173355*cos(0.769077750305346*exp(0.15643485*x1**2*exp(2*x0))) + 1)**8) - 0.6170131808867)**2 + 0.289031876696582*exp(-x1**2 + exp(sqrt(exp(sin(x1*exp(x0)))))) + 0.222128916714745)**2 - sqrt(exp(5.35977006048892*exp(-x0**2 + sin(0.6485343*exp(x1))) - sin(sin(x2))))),27,68,-x0 + 18.4576142026981*(0.289031876696582*x2 - 0.289031876696582*(exp(x2) + 0.8055625)**2 + 0.289031876696582*(exp(sqrt((x0 + x2)**2)) + exp(exp(sin(x0*exp(x1 - (-x0 + x2 + cos(x1 + 3.68582838660836*exp(-0.9979818*x2 - 0.9979818*cos(exp(exp(-0.005117432*x0))*sin(x2 - exp(exp((-x1 - 0.5085734)**2*sin(x1)**2)))))) + 0.10756133)**4)))))*cos((-x2 + exp(sqrt(exp(x1*sin(exp(x1))))))**2) + 0.289031876696582*(x0 + x1 - sin(x0**2*x1) - 0.62292713)**2 - (0.537616849342152*x0 + x1 + 0.537616849342152*x2 - 0.537616849342152*cos(13892282.8430069*(0.127983298173355*cos(0.769077750305346*exp(0.15643485*x1**2*exp(2*x0))) + 1)**8) - 0.6170131808867)**2 + 0.289031876696582*exp(-x1**2 + exp(sqrt(exp(sin(x1*exp(x0)))))) + 0.222128916714745)**2 - sqrt(exp(5.35977006048892*exp(-x0**2 + sin(0.6485343*exp(x1))) - sin(sin(x2))))
