Dataset,Run,Method,Weight,Metric,Test_Metric,Spearman
522_pm10,1,MVP,w0.3_0.5_0.8,MSE_Train,MSE_Test_Interpolation,0.8166969147005446
522_pm10,1,MVP,w0.3_0.5_0.8,AIC_Train,MSE_Test_Interpolation,0.7835105003889032
522_pm10,1,MVP,w0.3_0.5_0.8,BIC_Train,MSE_Test_Interpolation,0.10506870624837958
522_pm10,1,MVP,w0.3_0.5_0.8,MDL_Train,MSE_Test_Interpolation,-0.8060020741508945
522_pm10,1,MVP,w0.3_0.5_0.8,PSM_Train,MSE_Test_Interpolation,-0.042066372828623286
522_pm10,1,MVP,w0.3_0.5_0.8,MSE_Train,MSE_Test_Extrapolation,-0.11829141820067413
522_pm10,1,MVP,w0.3_0.5_0.8,AIC_Train,MSE_Test_Extrapolation,-0.1215322789732953
522_pm10,1,MVP,w0.3_0.5_0.8,BIC_Train,MSE_Test_Extrapolation,0.6724137931034484
522_pm10,1,MVP,w0.3_0.5_0.8,MDL_Train,MSE_Test_Extrapolation,0.11310604096448018
522_pm10,1,MVP,w0.3_0.5_0.8,PSM_Train,MSE_Test_Extrapolation,-0.03214933886440238
522_pm10,2,MVP,w0.3_0.5_0.8,MSE_Train,MSE_Test_Interpolation,0.04291133238501659
522_pm10,2,MVP,w0.3_0.5_0.8,AIC_Train,MSE_Test_Interpolation,0.03698435277382645
522_pm10,2,MVP,w0.3_0.5_0.8,BIC_Train,MSE_Test_Interpolation,0.2093409198672356
522_pm10,2,MVP,w0.3_0.5_0.8,MDL_Train,MSE_Test_Interpolation,-0.0692271218587008
522_pm10,2,MVP,w0.3_0.5_0.8,PSM_Train,MSE_Test_Interpolation,-0.12683736367946893
522_pm10,2,MVP,w0.3_0.5_0.8,MSE_Train,MSE_Test_Extrapolation,-0.43219535324798475
522_pm10,2,MVP,w0.3_0.5_0.8,AIC_Train,MSE_Test_Extrapolation,-0.3556187766714082
522_pm10,2,MVP,w0.3_0.5_0.8,BIC_Train,MSE_Test_Extrapolation,0.48577524893314367
522_pm10,2,MVP,w0.3_0.5_0.8,MDL_Train,MSE_Test_Extrapolation,0.46752015173067796
522_pm10,2,MVP,w0.3_0.5_0.8,PSM_Train,MSE_Test_Extrapolation,-0.3973447131341868
522_pm10,3,MVP,w0.3_0.5_0.8,MSE_Train,MSE_Test_Interpolation,0.2188166993938359
522_pm10,3,MVP,w0.3_0.5_0.8,AIC_Train,MSE_Test_Interpolation,0.08776573038504226
522_pm10,3,MVP,w0.3_0.5_0.8,BIC_Train,MSE_Test_Interpolation,-0.21121830444804918
522_pm10,3,MVP,w0.3_0.5_0.8,MDL_Train,MSE_Test_Interpolation,-0.21506018953299752
522_pm10,3,MVP,w0.3_0.5_0.8,PSM_Train,MSE_Test_Interpolation,0.011867156151284898
522_pm10,3,MVP,w0.3_0.5_0.8,MSE_Train,MSE_Test_Extrapolation,-0.1727140783744557
522_pm10,3,MVP,w0.3_0.5_0.8,AIC_Train,MSE_Test_Extrapolation,-0.20404678562281225
522_pm10,3,MVP,w0.3_0.5_0.8,BIC_Train,MSE_Test_Extrapolation,0.1482967642790062
522_pm10,3,MVP,w0.3_0.5_0.8,MDL_Train,MSE_Test_Extrapolation,0.19568001366003582
522_pm10,3,MVP,w0.3_0.5_0.8,PSM_Train,MSE_Test_Extrapolation,-0.01690429437377273
522_pm10,4,MVP,w0.3_0.5_0.8,MSE_Train,MSE_Test_Interpolation,-0.24129554655870447
522_pm10,4,MVP,w0.3_0.5_0.8,AIC_Train,MSE_Test_Interpolation,-0.1939271255060729
522_pm10,4,MVP,w0.3_0.5_0.8,BIC_Train,MSE_Test_Interpolation,0.13846153846153847
522_pm10,4,MVP,w0.3_0.5_0.8,MDL_Train,MSE_Test_Interpolation,0.30303643724696355
522_pm10,4,MVP,w0.3_0.5_0.8,PSM_Train,MSE_Test_Interpolation,-0.21639676113360326
522_pm10,4,MVP,w0.3_0.5_0.8,MSE_Train,MSE_Test_Extrapolation,0.258502024291498
522_pm10,4,MVP,w0.3_0.5_0.8,AIC_Train,MSE_Test_Extrapolation,0.23421052631578948
522_pm10,4,MVP,w0.3_0.5_0.8,BIC_Train,MSE_Test_Extrapolation,0.32388663967611336
522_pm10,4,MVP,w0.3_0.5_0.8,MDL_Train,MSE_Test_Extrapolation,-0.23117408906882592
522_pm10,4,MVP,w0.3_0.5_0.8,PSM_Train,MSE_Test_Extrapolation,-0.03178137651821863
522_pm10,5,MVP,w0.3_0.5_0.8,MSE_Train,MSE_Test_Interpolation,0.01690429437377273
522_pm10,5,MVP,w0.3_0.5_0.8,AIC_Train,MSE_Test_Interpolation,0.1985827712797746
522_pm10,5,MVP,w0.3_0.5_0.8,BIC_Train,MSE_Test_Interpolation,0.2641509433962264
522_pm10,5,MVP,w0.3_0.5_0.8,MDL_Train,MSE_Test_Interpolation,0.1679330658242978
522_pm10,5,MVP,w0.3_0.5_0.8,PSM_Train,MSE_Test_Interpolation,-0.025441816784769058
522_pm10,5,MVP,w0.3_0.5_0.8,MSE_Train,MSE_Test_Extrapolation,-0.6736958934517203
522_pm10,5,MVP,w0.3_0.5_0.8,AIC_Train,MSE_Test_Extrapolation,-0.5148126013830786
522_pm10,5,MVP,w0.3_0.5_0.8,BIC_Train,MSE_Test_Extrapolation,0.7320925467429351
522_pm10,5,MVP,w0.3_0.5_0.8,MDL_Train,MSE_Test_Extrapolation,0.6536327157858789
522_pm10,5,MVP,w0.3_0.5_0.8,PSM_Train,MSE_Test_Extrapolation,-0.4124477076752326
522_pm10,6,MVP,w0.3_0.5_0.8,MSE_Train,MSE_Test_Interpolation,0.488436632747456
522_pm10,6,MVP,w0.3_0.5_0.8,AIC_Train,MSE_Test_Interpolation,0.35823311748381126
522_pm10,6,MVP,w0.3_0.5_0.8,BIC_Train,MSE_Test_Interpolation,0.13714153561517115
522_pm10,6,MVP,w0.3_0.5_0.8,MDL_Train,MSE_Test_Interpolation,-0.6312442183163737
522_pm10,6,MVP,w0.3_0.5_0.8,PSM_Train,MSE_Test_Interpolation,-0.03330249768732655
522_pm10,6,MVP,w0.3_0.5_0.8,MSE_Train,MSE_Test_Extrapolation,-0.03578965628392721
522_pm10,6,MVP,w0.3_0.5_0.8,AIC_Train,MSE_Test_Extrapolation,0.07360296033835112
522_pm10,6,MVP,w0.3_0.5_0.8,BIC_Train,MSE_Test_Extrapolation,0.4876412941819743
522_pm10,6,MVP,w0.3_0.5_0.8,MDL_Train,MSE_Test_Extrapolation,0.5265531498832393
522_pm10,6,MVP,w0.3_0.5_0.8,PSM_Train,MSE_Test_Extrapolation,0.28920817565784157
522_pm10,7,MVP,w0.3_0.5_0.8,MSE_Train,MSE_Test_Interpolation,0.06565656565656568
522_pm10,7,MVP,w0.3_0.5_0.8,AIC_Train,MSE_Test_Interpolation,0.03506493506493508
522_pm10,7,MVP,w0.3_0.5_0.8,BIC_Train,MSE_Test_Interpolation,0.06060606060606062
522_pm10,7,MVP,w0.3_0.5_0.8,MDL_Train,MSE_Test_Interpolation,0.040115440115440125
522_pm10,7,MVP,w0.3_0.5_0.8,PSM_Train,MSE_Test_Interpolation,0.01731601731601732
522_pm10,7,MVP,w0.3_0.5_0.8,MSE_Train,MSE_Test_Extrapolation,-0.24761904761904766
522_pm10,7,MVP,w0.3_0.5_0.8,AIC_Train,MSE_Test_Extrapolation,-0.08513708513708515
522_pm10,7,MVP,w0.3_0.5_0.8,BIC_Train,MSE_Test_Extrapolation,0.22849927849927856
522_pm10,7,MVP,w0.3_0.5_0.8,MDL_Train,MSE_Test_Extrapolation,0.15202020202020206
522_pm10,7,MVP,w0.3_0.5_0.8,PSM_Train,MSE_Test_Extrapolation,-0.11630591630591634
522_pm10,8,MVP,w0.3_0.5_0.8,MSE_Train,MSE_Test_Interpolation,0.17239819004524887
522_pm10,8,MVP,w0.3_0.5_0.8,AIC_Train,MSE_Test_Interpolation,0.16542986425339368
522_pm10,8,MVP,w0.3_0.5_0.8,BIC_Train,MSE_Test_Interpolation,0.001085972850678733
522_pm10,8,MVP,w0.3_0.5_0.8,MDL_Train,MSE_Test_Interpolation,-0.17013574660633485
522_pm10,8,MVP,w0.3_0.5_0.8,PSM_Train,MSE_Test_Interpolation,0.010316742081447965
522_pm10,8,MVP,w0.3_0.5_0.8,MSE_Train,MSE_Test_Extrapolation,-0.37058823529411766
522_pm10,8,MVP,w0.3_0.5_0.8,AIC_Train,MSE_Test_Extrapolation,-0.32678733031674206
522_pm10,8,MVP,w0.3_0.5_0.8,BIC_Train,MSE_Test_Extrapolation,0.06877828054298642
522_pm10,8,MVP,w0.3_0.5_0.8,MDL_Train,MSE_Test_Extrapolation,0.23420814479638005
522_pm10,8,MVP,w0.3_0.5_0.8,PSM_Train,MSE_Test_Extrapolation,0.11257918552036199
522_pm10,9,MVP,w0.3_0.5_0.8,MSE_Train,MSE_Test_Interpolation,0.644927536231884
522_pm10,9,MVP,w0.3_0.5_0.8,AIC_Train,MSE_Test_Interpolation,0.6223978919631092
522_pm10,9,MVP,w0.3_0.5_0.8,BIC_Train,MSE_Test_Interpolation,0.3465085638998682
522_pm10,9,MVP,w0.3_0.5_0.8,MDL_Train,MSE_Test_Interpolation,-0.6225296442687747
522_pm10,9,MVP,w0.3_0.5_0.8,PSM_Train,MSE_Test_Interpolation,0.048089591567852426
522_pm10,9,MVP,w0.3_0.5_0.8,MSE_Train,MSE_Test_Extrapolation,0.24743083003952565
522_pm10,9,MVP,w0.3_0.5_0.8,AIC_Train,MSE_Test_Extrapolation,0.2714097496706192
522_pm10,9,MVP,w0.3_0.5_0.8,BIC_Train,MSE_Test_Extrapolation,0.42951251646903815
522_pm10,9,MVP,w0.3_0.5_0.8,MDL_Train,MSE_Test_Extrapolation,-0.24281949934123848
522_pm10,9,MVP,w0.3_0.5_0.8,PSM_Train,MSE_Test_Extrapolation,-0.15546772068511197
522_pm10,10,MVP,w0.3_0.5_0.8,MSE_Train,MSE_Test_Interpolation,-0.08085106382978723
522_pm10,10,MVP,w0.3_0.5_0.8,AIC_Train,MSE_Test_Interpolation,-0.052852297255627505
522_pm10,10,MVP,w0.3_0.5_0.8,BIC_Train,MSE_Test_Interpolation,0.3998149861239592
522_pm10,10,MVP,w0.3_0.5_0.8,MDL_Train,MSE_Test_Interpolation,0.054209065679926
522_pm10,10,MVP,w0.3_0.5_0.8,PSM_Train,MSE_Test_Interpolation,-0.05729263028060438
522_pm10,10,MVP,w0.3_0.5_0.8,MSE_Train,MSE_Test_Extrapolation,0.7652790625963615
522_pm10,10,MVP,w0.3_0.5_0.8,AIC_Train,MSE_Test_Extrapolation,0.5723712611779216
522_pm10,10,MVP,w0.3_0.5_0.8,BIC_Train,MSE_Test_Extrapolation,-0.07690410114091889
522_pm10,10,MVP,w0.3_0.5_0.8,MDL_Train,MSE_Test_Extrapolation,-0.7496145544249152
522_pm10,10,MVP,w0.3_0.5_0.8,PSM_Train,MSE_Test_Extrapolation,0.20826395312981807
522_pm10,11,MVP,w0.3_0.5_0.8,MSE_Train,MSE_Test_Interpolation,0.25291716686674665
522_pm10,11,MVP,w0.3_0.5_0.8,AIC_Train,MSE_Test_Interpolation,0.2745258103241296
522_pm10,11,MVP,w0.3_0.5_0.8,BIC_Train,MSE_Test_Interpolation,0.0809123649459784
522_pm10,11,MVP,w0.3_0.5_0.8,MDL_Train,MSE_Test_Interpolation,-0.2680912364945978
522_pm10,11,MVP,w0.3_0.5_0.8,PSM_Train,MSE_Test_Interpolation,-0.11414165666266506
522_pm10,11,MVP,w0.3_0.5_0.8,MSE_Train,MSE_Test_Extrapolation,0.0468187274909964
522_pm10,11,MVP,w0.3_0.5_0.8,AIC_Train,MSE_Test_Extrapolation,-0.05642256902761104
522_pm10,11,MVP,w0.3_0.5_0.8,BIC_Train,MSE_Test_Extrapolation,-0.4244417767106843
522_pm10,11,MVP,w0.3_0.5_0.8,MDL_Train,MSE_Test_Extrapolation,-0.05671068427370948
522_pm10,11,MVP,w0.3_0.5_0.8,PSM_Train,MSE_Test_Extrapolation,0.2606002400960384
522_pm10,12,MVP,w0.3_0.5_0.8,MSE_Train,MSE_Test_Interpolation,0.5014799154334039
522_pm10,12,MVP,w0.3_0.5_0.8,AIC_Train,MSE_Test_Interpolation,0.4935870331219168
522_pm10,12,MVP,w0.3_0.5_0.8,BIC_Train,MSE_Test_Interpolation,0.3143058491895701
522_pm10,12,MVP,w0.3_0.5_0.8,MDL_Train,MSE_Test_Interpolation,-0.37406624383368564
522_pm10,12,MVP,w0.3_0.5_0.8,PSM_Train,MSE_Test_Interpolation,0.18238195912614516
522_pm10,12,MVP,w0.3_0.5_0.8,MSE_Train,MSE_Test_Extrapolation,0.38266384778012685
522_pm10,12,MVP,w0.3_0.5_0.8,AIC_Train,MSE_Test_Extrapolation,0.33981677237491187
522_pm10,12,MVP,w0.3_0.5_0.8,BIC_Train,MSE_Test_Extrapolation,0.33840732910500354
522_pm10,12,MVP,w0.3_0.5_0.8,MDL_Train,MSE_Test_Extrapolation,-0.2816067653276956
522_pm10,12,MVP,w0.3_0.5_0.8,PSM_Train,MSE_Test_Extrapolation,0.08343904157857646
522_pm10,13,MVP,w0.3_0.5_0.8,MSE_Train,MSE_Test_Interpolation,-0.04267425320056899
522_pm10,13,MVP,w0.3_0.5_0.8,AIC_Train,MSE_Test_Interpolation,-0.09174964438122332
522_pm10,13,MVP,w0.3_0.5_0.8,BIC_Train,MSE_Test_Interpolation,0.01256519677572309
522_pm10,13,MVP,w0.3_0.5_0.8,MDL_Train,MSE_Test_Interpolation,0.021100047415836886
522_pm10,13,MVP,w0.3_0.5_0.8,PSM_Train,MSE_Test_Interpolation,-0.20056899004267423
522_pm10,13,MVP,w0.3_0.5_0.8,MSE_Train,MSE_Test_Extrapolation,0.19748696064485535
522_pm10,13,MVP,w0.3_0.5_0.8,AIC_Train,MSE_Test_Extrapolation,0.3032242769084874
522_pm10,13,MVP,w0.3_0.5_0.8,BIC_Train,MSE_Test_Extrapolation,0.40848743480322425
522_pm10,13,MVP,w0.3_0.5_0.8,MDL_Train,MSE_Test_Extrapolation,-0.1605026078710289
522_pm10,13,MVP,w0.3_0.5_0.8,PSM_Train,MSE_Test_Extrapolation,-0.010905642484589853
522_pm10,14,MVP,w0.3_0.5_0.8,MSE_Train,MSE_Test_Interpolation,0.798970398970399
522_pm10,14,MVP,w0.3_0.5_0.8,AIC_Train,MSE_Test_Interpolation,0.8072072072072073
522_pm10,14,MVP,w0.3_0.5_0.8,BIC_Train,MSE_Test_Interpolation,0.5649935649935651
522_pm10,14,MVP,w0.3_0.5_0.8,MDL_Train,MSE_Test_Interpolation,-0.7837837837837839
522_pm10,14,MVP,w0.3_0.5_0.8,PSM_Train,MSE_Test_Interpolation,0.40051480051480054
522_pm10,14,MVP,w0.3_0.5_0.8,MSE_Train,MSE_Test_Extrapolation,0.7155727155727157
522_pm10,14,MVP,w0.3_0.5_0.8,AIC_Train,MSE_Test_Extrapolation,0.7652509652509653
522_pm10,14,MVP,w0.3_0.5_0.8,BIC_Train,MSE_Test_Extrapolation,0.6036036036036037
522_pm10,14,MVP,w0.3_0.5_0.8,MDL_Train,MSE_Test_Extrapolation,-0.6841698841698842
522_pm10,14,MVP,w0.3_0.5_0.8,PSM_Train,MSE_Test_Extrapolation,0.07902187902187902
522_pm10,15,MVP,w0.3_0.5_0.8,MSE_Train,MSE_Test_Interpolation,0.08937687383518354
522_pm10,15,MVP,w0.3_0.5_0.8,AIC_Train,MSE_Test_Interpolation,0.1093104286524593
522_pm10,15,MVP,w0.3_0.5_0.8,BIC_Train,MSE_Test_Interpolation,0.12276152661858845
522_pm10,15,MVP,w0.3_0.5_0.8,MDL_Train,MSE_Test_Interpolation,-0.09796612916295276
522_pm10,15,MVP,w0.3_0.5_0.8,PSM_Train,MSE_Test_Interpolation,0.019366339842800423
522_pm10,15,MVP,w0.3_0.5_0.8,MSE_Train,MSE_Test_Extrapolation,-0.24706263673932424
522_pm10,15,MVP,w0.3_0.5_0.8,AIC_Train,MSE_Test_Extrapolation,-0.2961672473867596
522_pm10,15,MVP,w0.3_0.5_0.8,BIC_Train,MSE_Test_Extrapolation,-0.1266510007292764
522_pm10,15,MVP,w0.3_0.5_0.8,MDL_Train,MSE_Test_Extrapolation,0.22810145044972044
522_pm10,15,MVP,w0.3_0.5_0.8,PSM_Train,MSE_Test_Extrapolation,-0.11157928855036059
522_pm10,16,MVP,w0.3_0.5_0.8,MSE_Train,MSE_Test_Interpolation,0.5391065957103692
522_pm10,16,MVP,w0.3_0.5_0.8,AIC_Train,MSE_Test_Interpolation,0.5437026286082889
522_pm10,16,MVP,w0.3_0.5_0.8,BIC_Train,MSE_Test_Interpolation,0.6988388969521045
522_pm10,16,MVP,w0.3_0.5_0.8,MDL_Train,MSE_Test_Interpolation,-0.5662796323173681
522_pm10,16,MVP,w0.3_0.5_0.8,PSM_Train,MSE_Test_Interpolation,0.33446218351878726
522_pm10,16,MVP,w0.3_0.5_0.8,MSE_Train,MSE_Test_Extrapolation,0.5945008869537172
522_pm10,16,MVP,w0.3_0.5_0.8,AIC_Train,MSE_Test_Extrapolation,0.637155297532656
522_pm10,16,MVP,w0.3_0.5_0.8,BIC_Train,MSE_Test_Extrapolation,0.6548137397194
522_pm10,16,MVP,w0.3_0.5_0.8,MDL_Train,MSE_Test_Extrapolation,-0.5432188356716658
522_pm10,16,MVP,w0.3_0.5_0.8,PSM_Train,MSE_Test_Extrapolation,0.018464763747782616
522_pm10,17,MVP,w0.3_0.5_0.8,MSE_Train,MSE_Test_Interpolation,-0.024629972247918592
522_pm10,17,MVP,w0.3_0.5_0.8,AIC_Train,MSE_Test_Interpolation,0.036771507863089734
522_pm10,17,MVP,w0.3_0.5_0.8,BIC_Train,MSE_Test_Interpolation,0.505781683626272
522_pm10,17,MVP,w0.3_0.5_0.8,MDL_Train,MSE_Test_Interpolation,0.03781221091581869
522_pm10,17,MVP,w0.3_0.5_0.8,PSM_Train,MSE_Test_Interpolation,-0.0006938020351526364
522_pm10,17,MVP,w0.3_0.5_0.8,MSE_Train,MSE_Test_Extrapolation,0.12870027752081406
522_pm10,17,MVP,w0.3_0.5_0.8,AIC_Train,MSE_Test_Extrapolation,0.0020814061054579094
522_pm10,17,MVP,w0.3_0.5_0.8,BIC_Train,MSE_Test_Extrapolation,0.10071692876965772
522_pm10,17,MVP,w0.3_0.5_0.8,MDL_Train,MSE_Test_Extrapolation,-0.09782608695652174
522_pm10,17,MVP,w0.3_0.5_0.8,PSM_Train,MSE_Test_Extrapolation,0.1880203515263645
522_pm10,18,MVP,w0.3_0.5_0.8,MSE_Train,MSE_Test_Interpolation,0.5017127799736495
522_pm10,18,MVP,w0.3_0.5_0.8,AIC_Train,MSE_Test_Interpolation,0.6529644268774702
522_pm10,18,MVP,w0.3_0.5_0.8,BIC_Train,MSE_Test_Interpolation,0.42806324110671934
522_pm10,18,MVP,w0.3_0.5_0.8,MDL_Train,MSE_Test_Interpolation,-0.45836627140974967
522_pm10,18,MVP,w0.3_0.5_0.8,PSM_Train,MSE_Test_Interpolation,0.22990777338603424
522_pm10,18,MVP,w0.3_0.5_0.8,MSE_Train,MSE_Test_Extrapolation,-0.2964426877470356
522_pm10,18,MVP,w0.3_0.5_0.8,AIC_Train,MSE_Test_Extrapolation,-0.28708827404479575
522_pm10,18,MVP,w0.3_0.5_0.8,BIC_Train,MSE_Test_Extrapolation,0.2952569169960474
522_pm10,18,MVP,w0.3_0.5_0.8,MDL_Train,MSE_Test_Extrapolation,0.32595520421607377
522_pm10,18,MVP,w0.3_0.5_0.8,PSM_Train,MSE_Test_Extrapolation,-0.27180500658761525
522_pm10,19,MVP,w0.3_0.5_0.8,MSE_Train,MSE_Test_Interpolation,0.533506137074026
522_pm10,19,MVP,w0.3_0.5_0.8,AIC_Train,MSE_Test_Interpolation,0.7715941145078905
522_pm10,19,MVP,w0.3_0.5_0.8,BIC_Train,MSE_Test_Interpolation,0.7370587786841504
522_pm10,19,MVP,w0.3_0.5_0.8,MDL_Train,MSE_Test_Interpolation,-0.3463378376431875
522_pm10,19,MVP,w0.3_0.5_0.8,PSM_Train,MSE_Test_Interpolation,0.19390497249514577
522_pm10,19,MVP,w0.3_0.5_0.8,MSE_Train,MSE_Test_Extrapolation,0.41556758405123123
522_pm10,19,MVP,w0.3_0.5_0.8,AIC_Train,MSE_Test_Extrapolation,0.3793550354501792
522_pm10,19,MVP,w0.3_0.5_0.8,BIC_Train,MSE_Test_Extrapolation,0.3792787985057559
522_pm10,19,MVP,w0.3_0.5_0.8,MDL_Train,MSE_Test_Extrapolation,-0.2926680516645821
522_pm10,19,MVP,w0.3_0.5_0.8,PSM_Train,MSE_Test_Extrapolation,0.08572681013201944
522_pm10,20,MVP,w0.3_0.5_0.8,MSE_Train,MSE_Test_Interpolation,0.24331938871339534
522_pm10,20,MVP,w0.3_0.5_0.8,AIC_Train,MSE_Test_Interpolation,0.439511653718091
522_pm10,20,MVP,w0.3_0.5_0.8,BIC_Train,MSE_Test_Interpolation,0.5855032869461282
522_pm10,20,MVP,w0.3_0.5_0.8,MDL_Train,MSE_Test_Interpolation,-0.2366601212328182
522_pm10,20,MVP,w0.3_0.5_0.8,PSM_Train,MSE_Test_Interpolation,-0.06053103389396397
522_pm10,20,MVP,w0.3_0.5_0.8,MSE_Train,MSE_Test_Extrapolation,0.5317168957568513
522_pm10,20,MVP,w0.3_0.5_0.8,AIC_Train,MSE_Test_Extrapolation,0.48416289592760176
522_pm10,20,MVP,w0.3_0.5_0.8,BIC_Train,MSE_Test_Extrapolation,0.12413557585588661
522_pm10,20,MVP,w0.3_0.5_0.8,MDL_Train,MSE_Test_Extrapolation,-0.47178348843165707
522_pm10,20,MVP,w0.3_0.5_0.8,PSM_Train,MSE_Test_Extrapolation,-0.04644412191582002
522_pm10,21,MVP,w0.3_0.5_0.8,MSE_Train,MSE_Test_Interpolation,0.5870348139255701
522_pm10,21,MVP,w0.3_0.5_0.8,AIC_Train,MSE_Test_Interpolation,0.6370708283313326
522_pm10,21,MVP,w0.3_0.5_0.8,BIC_Train,MSE_Test_Interpolation,0.7087154861944778
522_pm10,21,MVP,w0.3_0.5_0.8,MDL_Train,MSE_Test_Interpolation,-0.7178391356542616
522_pm10,21,MVP,w0.3_0.5_0.8,PSM_Train,MSE_Test_Interpolation,0.08398559423769507
522_pm10,21,MVP,w0.3_0.5_0.8,MSE_Train,MSE_Test_Extrapolation,0.2168067226890756
522_pm10,21,MVP,w0.3_0.5_0.8,AIC_Train,MSE_Test_Extrapolation,0.1171188475390156
522_pm10,21,MVP,w0.3_0.5_0.8,BIC_Train,MSE_Test_Extrapolation,-0.139015606242497
522_pm10,21,MVP,w0.3_0.5_0.8,MDL_Train,MSE_Test_Extrapolation,-0.41118847539015607
522_pm10,21,MVP,w0.3_0.5_0.8,PSM_Train,MSE_Test_Extrapolation,0.12057623049219686
522_pm10,22,MVP,w0.3_0.5_0.8,MSE_Train,MSE_Test_Interpolation,0.6386491557223266
522_pm10,22,MVP,w0.3_0.5_0.8,AIC_Train,MSE_Test_Interpolation,0.6589118198874298
522_pm10,22,MVP,w0.3_0.5_0.8,BIC_Train,MSE_Test_Interpolation,0.5891181988742965
522_pm10,22,MVP,w0.3_0.5_0.8,MDL_Train,MSE_Test_Interpolation,-0.624577861163227
522_pm10,22,MVP,w0.3_0.5_0.8,PSM_Train,MSE_Test_Interpolation,0.250656660412758
522_pm10,22,MVP,w0.3_0.5_0.8,MSE_Train,MSE_Test_Extrapolation,0.6836772983114447
522_pm10,22,MVP,w0.3_0.5_0.8,AIC_Train,MSE_Test_Extrapolation,0.6831144465290807
522_pm10,22,MVP,w0.3_0.5_0.8,BIC_Train,MSE_Test_Extrapolation,0.3570356472795498
522_pm10,22,MVP,w0.3_0.5_0.8,MDL_Train,MSE_Test_Extrapolation,-0.6392120075046905
522_pm10,22,MVP,w0.3_0.5_0.8,PSM_Train,MSE_Test_Extrapolation,0.25703564727954975
522_pm10,23,MVP,w0.3_0.5_0.8,MSE_Train,MSE_Test_Interpolation,0.3512533977650257
522_pm10,23,MVP,w0.3_0.5_0.8,AIC_Train,MSE_Test_Interpolation,0.407278767743884
522_pm10,23,MVP,w0.3_0.5_0.8,BIC_Train,MSE_Test_Interpolation,0.09513742071881606
522_pm10,23,MVP,w0.3_0.5_0.8,MDL_Train,MSE_Test_Interpolation,-0.5317124735729387
522_pm10,23,MVP,w0.3_0.5_0.8,PSM_Train,MSE_Test_Interpolation,0.08441558441558442
522_pm10,23,MVP,w0.3_0.5_0.8,MSE_Train,MSE_Test_Extrapolation,0.2650256720024162
522_pm10,23,MVP,w0.3_0.5_0.8,AIC_Train,MSE_Test_Extrapolation,0.29975838115373
522_pm10,23,MVP,w0.3_0.5_0.8,BIC_Train,MSE_Test_Extrapolation,0.15750528541226216
522_pm10,23,MVP,w0.3_0.5_0.8,MDL_Train,MSE_Test_Extrapolation,-0.38704318936877075
522_pm10,23,MVP,w0.3_0.5_0.8,PSM_Train,MSE_Test_Extrapolation,-0.10540622168529144
522_pm10,24,MVP,w0.3_0.5_0.8,MSE_Train,MSE_Test_Interpolation,0.5174971778745364
522_pm10,24,MVP,w0.3_0.5_0.8,AIC_Train,MSE_Test_Interpolation,0.43243025318497014
522_pm10,24,MVP,w0.3_0.5_0.8,BIC_Train,MSE_Test_Interpolation,-0.057893888082567325
522_pm10,24,MVP,w0.3_0.5_0.8,MDL_Train,MSE_Test_Interpolation,-0.49782293178519593
522_pm10,24,MVP,w0.3_0.5_0.8,PSM_Train,MSE_Test_Interpolation,0.07192388324463796
522_pm10,24,MVP,w0.3_0.5_0.8,MSE_Train,MSE_Test_Extrapolation,-0.45444283180132233
522_pm10,24,MVP,w0.3_0.5_0.8,AIC_Train,MSE_Test_Extrapolation,-0.4004999193678439
522_pm10,24,MVP,w0.3_0.5_0.8,BIC_Train,MSE_Test_Extrapolation,0.06087727785840993
522_pm10,24,MVP,w0.3_0.5_0.8,MDL_Train,MSE_Test_Extrapolation,0.4647637477826157
522_pm10,24,MVP,w0.3_0.5_0.8,PSM_Train,MSE_Test_Extrapolation,-0.2064183196258668
522_pm10,25,MVP,w0.3_0.5_0.8,MSE_Train,MSE_Test_Interpolation,-0.02630662020905924
522_pm10,25,MVP,w0.3_0.5_0.8,AIC_Train,MSE_Test_Interpolation,0.07421602787456447
522_pm10,25,MVP,w0.3_0.5_0.8,BIC_Train,MSE_Test_Interpolation,0.3428571428571429
522_pm10,25,MVP,w0.3_0.5_0.8,MDL_Train,MSE_Test_Interpolation,0.01846689895470384
522_pm10,25,MVP,w0.3_0.5_0.8,PSM_Train,MSE_Test_Interpolation,0.14703832752613244
522_pm10,25,MVP,w0.3_0.5_0.8,MSE_Train,MSE_Test_Extrapolation,-0.3114982578397213
522_pm10,25,MVP,w0.3_0.5_0.8,AIC_Train,MSE_Test_Extrapolation,-0.07735191637630663
522_pm10,25,MVP,w0.3_0.5_0.8,BIC_Train,MSE_Test_Extrapolation,0.6097560975609757
522_pm10,25,MVP,w0.3_0.5_0.8,MDL_Train,MSE_Test_Extrapolation,0.3099303135888502
522_pm10,25,MVP,w0.3_0.5_0.8,PSM_Train,MSE_Test_Extrapolation,-0.19024390243902442
522_pm10,26,MVP,w0.3_0.5_0.8,MSE_Train,MSE_Test_Interpolation,0.7726480836236935
522_pm10,26,MVP,w0.3_0.5_0.8,AIC_Train,MSE_Test_Interpolation,0.7954703832752614
522_pm10,26,MVP,w0.3_0.5_0.8,BIC_Train,MSE_Test_Interpolation,0.7506968641114984
522_pm10,26,MVP,w0.3_0.5_0.8,MDL_Train,MSE_Test_Interpolation,-0.6970383275261326
522_pm10,26,MVP,w0.3_0.5_0.8,PSM_Train,MSE_Test_Interpolation,0.009930313588850177
522_pm10,26,MVP,w0.3_0.5_0.8,MSE_Train,MSE_Test_Extrapolation,0.4167247386759583
522_pm10,26,MVP,w0.3_0.5_0.8,AIC_Train,MSE_Test_Extrapolation,0.40470383275261335
522_pm10,26,MVP,w0.3_0.5_0.8,BIC_Train,MSE_Test_Extrapolation,0.5195121951219512
522_pm10,26,MVP,w0.3_0.5_0.8,MDL_Train,MSE_Test_Extrapolation,-0.3426829268292683
522_pm10,26,MVP,w0.3_0.5_0.8,PSM_Train,MSE_Test_Extrapolation,0.00888501742160279
522_pm10,27,MVP,w0.3_0.5_0.8,MSE_Train,MSE_Test_Interpolation,0.559227921734532
522_pm10,27,MVP,w0.3_0.5_0.8,AIC_Train,MSE_Test_Interpolation,0.6485986250661026
522_pm10,27,MVP,w0.3_0.5_0.8,BIC_Train,MSE_Test_Interpolation,0.41179270227392906
522_pm10,27,MVP,w0.3_0.5_0.8,MDL_Train,MSE_Test_Interpolation,-0.5463246959280803
522_pm10,27,MVP,w0.3_0.5_0.8,PSM_Train,MSE_Test_Interpolation,0.13231094658910628
522_pm10,27,MVP,w0.3_0.5_0.8,MSE_Train,MSE_Test_Extrapolation,0.300423056583818
522_pm10,27,MVP,w0.3_0.5_0.8,AIC_Train,MSE_Test_Extrapolation,0.30296139608672656
522_pm10,27,MVP,w0.3_0.5_0.8,BIC_Train,MSE_Test_Extrapolation,0.1610787942887361
522_pm10,27,MVP,w0.3_0.5_0.8,MDL_Train,MSE_Test_Extrapolation,-0.29153886832363823
522_pm10,27,MVP,w0.3_0.5_0.8,PSM_Train,MSE_Test_Extrapolation,0.09740877842411422
522_pm10,28,MVP,w0.3_0.5_0.8,MSE_Train,MSE_Test_Interpolation,0.22245322245322244
522_pm10,28,MVP,w0.3_0.5_0.8,AIC_Train,MSE_Test_Interpolation,0.2447751395119816
522_pm10,28,MVP,w0.3_0.5_0.8,BIC_Train,MSE_Test_Interpolation,0.2255170149906992
522_pm10,28,MVP,w0.3_0.5_0.8,MDL_Train,MSE_Test_Interpolation,-0.24280555859503228
522_pm10,28,MVP,w0.3_0.5_0.8,PSM_Train,MSE_Test_Interpolation,-0.17562096509464928
522_pm10,28,MVP,w0.3_0.5_0.8,MSE_Train,MSE_Test_Extrapolation,0.5402122770543824
522_pm10,28,MVP,w0.3_0.5_0.8,AIC_Train,MSE_Test_Extrapolation,0.5732574679943101
522_pm10,28,MVP,w0.3_0.5_0.8,BIC_Train,MSE_Test_Extrapolation,0.4126272021008863
522_pm10,28,MVP,w0.3_0.5_0.8,MDL_Train,MSE_Test_Extrapolation,-0.5167961483750958
522_pm10,28,MVP,w0.3_0.5_0.8,PSM_Train,MSE_Test_Extrapolation,0.08545792756319072
522_pm10,29,MVP,w0.3_0.5_0.8,MSE_Train,MSE_Test_Interpolation,0.3863636363636363
522_pm10,29,MVP,w0.3_0.5_0.8,AIC_Train,MSE_Test_Interpolation,0.3717008797653959
522_pm10,29,MVP,w0.3_0.5_0.8,BIC_Train,MSE_Test_Interpolation,0.29728739002932547
522_pm10,29,MVP,w0.3_0.5_0.8,MDL_Train,MSE_Test_Interpolation,-0.3669354838709677
522_pm10,29,MVP,w0.3_0.5_0.8,PSM_Train,MSE_Test_Interpolation,-0.035557184750733134
522_pm10,29,MVP,w0.3_0.5_0.8,MSE_Train,MSE_Test_Extrapolation,0.877565982404692
522_pm10,29,MVP,w0.3_0.5_0.8,AIC_Train,MSE_Test_Extrapolation,0.8812316715542521
522_pm10,29,MVP,w0.3_0.5_0.8,BIC_Train,MSE_Test_Extrapolation,0.7357038123167154
522_pm10,29,MVP,w0.3_0.5_0.8,MDL_Train,MSE_Test_Extrapolation,-0.8771994134897358
522_pm10,29,MVP,w0.3_0.5_0.8,PSM_Train,MSE_Test_Extrapolation,0.25843108504398826
522_pm10,30,MVP,w0.3_0.5_0.8,MSE_Train,MSE_Test_Interpolation,0.7540616246498599
522_pm10,30,MVP,w0.3_0.5_0.8,AIC_Train,MSE_Test_Interpolation,0.8901960784313727
522_pm10,30,MVP,w0.3_0.5_0.8,BIC_Train,MSE_Test_Interpolation,0.6162464985994398
522_pm10,30,MVP,w0.3_0.5_0.8,MDL_Train,MSE_Test_Interpolation,-0.7403361344537815
522_pm10,30,MVP,w0.3_0.5_0.8,PSM_Train,MSE_Test_Interpolation,0.020448179271708684
522_pm10,30,MVP,w0.3_0.5_0.8,MSE_Train,MSE_Test_Extrapolation,0.5683473389355742
522_pm10,30,MVP,w0.3_0.5_0.8,AIC_Train,MSE_Test_Extrapolation,0.45014005602240903
522_pm10,30,MVP,w0.3_0.5_0.8,BIC_Train,MSE_Test_Extrapolation,0.15602240896358546
522_pm10,30,MVP,w0.3_0.5_0.8,MDL_Train,MSE_Test_Extrapolation,-0.5507002801120449
522_pm10,30,MVP,w0.3_0.5_0.8,PSM_Train,MSE_Test_Extrapolation,-0.12380952380952381
